23.85703
12.93351
6.73584
4.82088
4.18715
3.19820
2.05227
1.77563
1.46565
1.27851
1.29325
1.10503
1.02635
0.92312
0.77765
0.79714
0.79825
0.82217
0.78194
0.77108
0.73736
0.74716
0.71135
0.69889
0.70805
0.67940
0.67652
0.67790
0.66419
0.63526
0.58864
0.64514
0.62036
0.64000
0.57147
0.60362
0.61500
0.54777
0.53085
0.52772
0.59112
0.53466
0.51378
0.49471
0.49382
0.49794
0.48476
0.47636
0.39702
0.43922
0.41895
0.50721
0.43011
0.34178
0.38259
0.33217
0.33239
0.31362
0.33641
0.29382
0.30526
0.26868
0.22319
0.19961
0.22125
0.27665
0.17829
0.18015
0.27027
0.18131
0.14653
0.17282
0.18500
0.13700
0.08722
0.11351
0.18206
0.10640
0.09052
0.10755
0.26002
0.11934
0.13596
0.12310
0.21595
0.16664
0.13245
0.07066
0.06995
0.09351
0.07379
0.06586
0.05698
0.05228
0.13447
0.20226
0.04442
0.04241
0.07437
0.07681
