57.54692
45.69707
59.84842
75.02778
36.35614
6.78235
9.89753
19.25486
22.79592
24.64115
12.46738
13.45483
6.65984
6.83656
11.77008
12.85259
11.15498
11.99435
8.13716
1.41114
4.34761
17.91913
9.41825
9.48156
27.69922
8.15643
5.51542
22.24997
31.49379
24.75702
7.09734
1.52735
6.94300
21.39075
12.56384
21.41864
17.27096
5.36659
9.15198
8.53765
1.53850
4.96739
3.90422
6.77536
11.74029
10.33929
6.47387
10.75709
2.86676
5.94393
2.49367
9.50485
5.64763
7.31445
2.35416
1.03303
1.81180
3.42594
2.66438
5.05128
2.31355
2.55527
3.38661
0.56528
3.85705
2.53527
1.04851
0.51313
3.04635
1.60348
6.68824
2.57019
1.92995
1.79511
1.10931
2.57962
1.62365
1.65324
1.67711
1.37441
2.15176
2.22306
3.13276
1.18906
3.20936
1.23363
1.51513
1.31593
2.07093
3.34327
1.92696
1.15952
1.64975
2.66254
3.63069
2.73448
1.32684
2.69737
0.95261
1.90033
1.52097
2.46063
2.53115
1.39177
2.99894
1.65614
2.39671
1.58095
1.87721
2.39494
2.67557
4.23970
2.98340
0.81437
1.41589
4.46170
2.50447
2.00225
2.40118
3.23953
1.52266
1.40466
1.57917
1.33628
2.32609
4.06090
2.16740
1.72235
1.46259
1.89763
2.14970
0.69805
2.67077
2.43923
1.11351
0.98324
1.19439
1.05115
0.80094
0.93287
1.32300
1.18058
1.01102
0.95257
0.90946
0.96097
0.99717
1.83470
1.63114
1.47449
1.91442
0.77279
1.53586
1.12397
1.57002
0.91087
1.05393
1.08773
1.10565
0.77654
1.22846
0.78682
0.47561
2.84125
2.54639
1.90215
3.38176
1.12942
1.55178
2.18454
3.65932
4.17892
1.42490
1.65037
2.69751
1.09128
4.19374
1.32499
1.35850
1.84412
5.65218
2.67283
1.38024
2.76075
2.87354
1.88059
1.47683
0.62624
1.64780
2.08836
1.83757
3.33566
1.86677
1.44238
3.15548
3.19726
2.07046
1.54422
2.62225
1.83593
0.99629
0.65192
1.78823
0.93438
0.94940
0.60615
1.27080
0.99456
1.19306
0.97187
2.67307
0.62820
0.83771
1.58920
1.32153
0.77693
0.83598
0.44769
0.94983
1.19209
1.67828
0.77988
0.99218
0.74256
0.74339
0.94700
0.87817
1.39208
1.01879
0.79150
1.24175
1.17662
0.49714
1.31042
0.98577
1.19253
1.16241
0.65046
0.78231
0.89293
1.83201
0.92739
0.56741
0.91481
0.73354
0.90680
1.08429
0.98188
1.01000
1.03277
0.81363
0.81426
1.89115
1.60086
1.14816
0.59548
0.61532
0.55484
1.08643
0.76540
0.60059
1.24644
0.71373
0.58644
1.39497
1.38647
1.04991
1.36828
1.07639
1.10008
0.61996
0.64799
0.75858
0.53719
1.10462
0.71696
0.63313
1.02311
0.88342
0.82021
0.83889
0.80838
0.88703
0.83134
0.54900
0.80255
0.49486
0.54684
0.68150
0.59642
1.08875
1.10539
1.08050
1.01440
0.60675
0.84043
0.76521
0.79440
0.66434
0.86110
0.52385
1.80408
0.78230
1.97261
1.44288
0.73408
0.82698
0.89467
1.34215
1.03833
0.67852
1.46322
1.05144
1.45371
0.82583
0.85622
0.72288
0.65308
0.79832
0.65158
0.73722
0.67897
0.91537
0.66970
2.90928
0.82824
1.72726
1.14016
0.50606
0.78821
1.16225
0.90166
0.88738
1.91225
0.69052
0.71560
0.55818
0.98033
0.69221
0.65392
1.17490
0.99413
0.91281
0.61846
1.06968
0.81669
0.98308
0.78205
2.42717
0.90766
0.62247
0.96097
0.81606
0.72024
0.67229
0.69797
0.65401
0.74126
0.70481
1.90243
0.65626
0.77911
0.99537
0.65252
0.68855
0.62420
1.15247
0.76949
0.64711
0.66589
0.65765
1.01717
0.72983
0.87834
0.59948
0.51734
0.93643
0.74264
0.92471
0.65289
0.61860
0.80779
1.13098
0.97368
0.65257
0.78518
0.79112
0.77452
0.61560
0.63351
0.76712
0.80679
0.63043
0.67077
0.69935
0.59877
0.78670
1.05750
0.70869
0.56171
0.73812
0.67270
0.62933
0.58495
0.93071
0.73710
1.17002
0.69564
0.85934
0.82515
0.68463
0.74778
0.83049
1.27447
0.64614
0.78289
0.72518
1.00790
1.23707
0.81439
0.64211
0.66770
0.58129
0.91345
0.70379
0.58219
0.74442
0.62532
0.86750
0.61540
0.62382
0.65752
0.79072
0.64690
0.62604
0.66351
0.68310
0.90362
0.58656
0.53947
0.63669
0.65955
0.83718
0.73683
0.69467
0.71982
0.78862
0.70696
0.82991
1.11570
0.69876
0.60772
0.65041
0.64772
0.65907
0.72019
1.26085
0.84895
0.65739
0.73304
0.77416
0.71217
0.63995
0.63226
1.05389
1.16835
0.99849
0.76610
0.68340
0.66706
0.72106
0.57102
0.61915
0.70556
0.70962
0.63780
0.97807
0.62572
0.75083
0.59662
0.62810
0.55275
0.81487
0.53828
0.67435
0.75222
0.83718
0.83839
0.93477
0.65738
0.63261
0.76781
0.59276
0.62277
0.85631
0.69666
0.80055
0.65605
1.70306
0.75294
0.61294
1.04471
0.86187
0.61012
1.08578
0.85389
0.72372
1.03931
0.61602
0.71742
0.75910
1.11983
1.57707
0.58357
0.91478
0.64627
0.76906
0.86104
0.66327
0.80184
1.09159
0.79260
0.65995
0.74377
0.72255
0.96340
0.90531
0.80607
0.89319
0.79825
0.83483
0.59155
0.67196
0.73899
0.59530
0.61347
0.64384
1.27196
0.80222
0.91929
0.65675
0.65970
0.61626
0.73340
0.66924
0.65276
0.64121
0.62808
0.70113
0.74765
1.00141
0.88945
0.66000
0.69512
0.72636
0.95107
0.67028
1.08799
0.63396
0.62059
0.70616
0.67504
0.87809
0.65037
0.80283
0.67481
0.66378
0.64984
0.56008
0.62260
1.16630
0.77315
0.70547
0.67040
0.69797
0.61438
0.69763
0.67888
0.53324
0.68207
0.67182
0.99851
1.61189
0.61407
0.60455
1.33528
0.94322
0.56986
0.84624
0.61867
0.71086
0.68247
0.76146
0.58804
0.70079
0.72009
0.67301
0.71839
0.71094
0.58925
0.53493
1.48392
0.56107
0.53157
0.74080
0.55618
0.77908
0.64139
0.58152
0.63320
0.76683
0.62937
1.13620
1.26194
0.68533
0.64171
0.71909
0.82183
0.67838
0.83757
0.83260
0.59901
0.62099
0.61188
0.63581
0.80148
0.27100
2.84810
1.94527
0.88264
0.76514
0.74256
0.79965
1.54867
0.60062
0.60025
0.56235
0.66664
0.68655
0.65521
0.68353
0.71152
0.79934
0.98076
0.70449
0.97658
1.16105
0.81565
1.46298
0.67449
0.66336
1.07239
0.71759
0.68656
0.91743
0.69033
0.63784
0.64466
0.87277
0.89380
0.61282
0.69303
0.70440
0.77211
0.60333
0.66130
0.61523
0.82121
0.60841
0.58565
0.83826
1.02202
0.61841
0.70058
0.75258
0.71815
0.86961
0.62559
0.72825
0.74086
0.65764
1.07677
0.79059
0.63662
0.62702
0.60604
0.79715
0.61305
0.64942
0.65686
0.72809
0.61322
0.70929
0.99966
0.58503
0.71103
0.56700
0.80004
0.65835
0.69154
0.69941
0.73626
0.82814
0.89081
0.76479
0.63837
0.59151
0.68720
0.69903
0.58710
0.62087
0.74689
0.62298
0.66999
0.58877
0.68804
0.72910
0.54461
0.60509
0.64741
0.60473
0.85176
0.51271
0.65671
0.65291
0.67033
0.84802
0.81699
0.72574
0.69373
0.71350
1.49185
0.73864
0.67375
0.68889
0.88028
0.60926
0.67454
0.75407
0.71697
0.80517
0.67388
0.66718
0.64363
0.84640
0.59791
0.64255
0.70423
0.76230
0.55727
0.66619
0.74887
0.62480
1.70078
0.71546
0.61896
0.77164
0.61712
0.72187
0.56808
0.58960
0.75297
0.67640
0.62266
0.58052
0.80398
0.66335
0.66931
0.73263
0.74176
0.62903
0.76079
0.66957
0.69762
0.51787
0.60446
0.58472
0.88610
0.66016
0.83412
0.72173
0.70675
0.64324
0.91337
0.55834
0.73283
1.13908
0.65752
0.70944
0.58601
0.73720
0.64448
0.74565
0.61569
0.65224
0.69922
0.84876
0.79258
0.62740
0.69054
0.62241
0.56620
1.21309
0.90033
0.65287
0.56036
0.67194
0.66474
0.63595
0.85383
0.76290
0.66986
0.58636
0.71359
0.67683
0.82291
0.77989
0.98178
0.71885
0.64166
0.68587
0.64689
0.64476
0.62726
0.66351
0.64728
0.87433
0.56540
0.78031
0.68518
1.21056
0.64185
0.66151
0.65004
0.84004
0.59613
0.62885
0.72093
0.74058
0.86740
0.66230
0.61118
0.78071
0.61618
0.58555
0.64938
0.64686
0.61935
0.62448
0.66020
0.65831
0.75909
1.00971
1.86992
1.14409
0.73430
0.64360
0.63098
0.60239
0.78536
1.11266
0.67410
0.63285
0.67516
0.71100
0.78422
0.65986
0.65762
0.67875
0.66434
0.82997
0.67858
0.68172
0.68676
0.69551
0.72568
0.67283
0.57431
0.83423
0.86717
0.62065
0.84748
0.82384
0.71091
0.71786
0.80675
0.59561
0.73946
0.82371
0.72740
0.72402
0.56681
0.61251
0.61991
0.62236
0.56695
0.58446
0.54849
0.60925
0.62070
0.46272
0.61883
0.49219
0.56508
0.66522
0.53934
0.59092
0.60753
0.59247
0.53695
0.72361
0.57951
0.92437
0.94726
0.71591
1.04621
0.66406
0.73522
0.57835
0.53762
0.52157
0.74037
0.86050
0.71620
0.71384
0.70001
0.54744
0.59889
0.70631
0.65474
0.67513
0.67023
0.68028
0.62179
0.59136
0.57501
0.62301
0.60376
0.58729
0.70310
0.67771
0.73735
0.62151
0.49603
0.61339
0.53239
0.68868
0.59331
0.80521
0.72196
0.58523
0.81940
1.03333
1.03320
0.61975
0.51998
0.64767
0.44688
2.52262
0.76150
0.84033
0.86483
0.60907
0.64741
0.78775
0.69814
0.70529
0.67896
1.03178
0.73541
0.76482
0.88669
0.70701
0.80256
0.77222
0.67469
0.65985
0.68397
0.67940
0.65057
0.67586
0.69852
0.54103
0.56698
0.54496
0.56097
0.59150
0.71279
0.73302
0.69017
0.67765
0.61312
0.87430
0.62913
0.63160
0.56905
0.75719
0.65259
0.78491
0.90515
0.77202
0.68493
0.62806
0.66712
0.58703
0.63970
0.63410
0.55531
0.51833
2.00979
0.63852
0.64894
0.51936
0.59567
0.68264
0.88605
0.74434
0.67422
0.57997
0.56767
0.44695
0.54753
0.45504
0.72125
0.78276
0.92237
0.97452
0.80870
0.83590
0.58282
0.53299
0.49440
0.52406
0.56421
0.71975
0.59723
0.69563
0.52821
0.68191
0.81307
0.59955
1.15197
0.85650
0.66675
0.53760
0.62104
0.79635
0.50058
0.69643
0.53240
0.63450
0.56942
0.63490
0.70193
0.85427
0.70905
1.39368
0.78710
0.56363
0.63339
0.49686
0.79377
3.31900
1.32960
0.66874
0.65266
0.84441
0.94766
0.64440
0.63502
0.67920
0.69101
0.69685
0.59852
0.83500
0.71152
0.66331
1.26056
0.69674
1.01727
0.70868
0.67690
0.69893
0.66732
0.65061
0.73775
0.66942
0.62493
0.64786
0.77180
0.80421
0.65345
0.71295
0.70149
0.76903
0.86346
0.59312
1.18707
0.71737
0.70981
0.68420
0.64356
0.64677
0.55134
0.67119
0.66055
0.73381
0.78190
0.81736
0.66914
0.80933
0.70985
0.67025
0.56020
0.54554
0.54871
0.75783
0.76729
0.71969
0.73524
0.62156
0.63418
0.73858
0.74039
0.64521
1.26679
0.56084
0.64118
0.57415
0.60774
0.61746
0.69901
0.70590
0.67884
0.58585
0.68401
0.63478
0.98135
1.81306
0.59970
0.54969
0.83039
0.89640
0.56240
0.52357
0.52477
0.66085
0.72839
0.80912
0.71876
0.54448
0.50706
1.05995
0.59989
0.84043
0.61977
0.65713
0.63674
0.88134
0.74541
0.67301
0.74140
1.61804
0.65338
1.04973
0.70699
0.61803
0.56913
0.60345
0.67662
0.64368
0.81494
0.75901
0.59932
0.87593
0.78540
0.77843
0.64162
0.71897
0.65476
0.70040
0.97251
0.59731
0.60791
0.67521
1.04602
0.72025
0.67903
0.71022
0.77793
0.58033
0.79914
0.54713
0.63869
0.57660
1.19897
0.56392
0.62434
0.58052
0.73292
0.72230
0.48312
0.49661
0.48596
0.67866
0.62752
0.65251
0.89010
0.81605
0.99568
0.99157
0.73855
1.04937
0.43094
0.54494
0.62620
1.12948
1.07521
0.97784
0.54777
0.62505
0.76174
0.69808
0.64631
1.25958
0.63206
0.71413
0.59995
1.12974
0.69451
0.53110
0.59511
0.66285
0.61419
0.99088
0.64888
0.79068
0.66122
0.63748
0.67505
0.68390
0.58923
0.53638
0.59701
0.50378
0.54410
0.57994
0.56407
0.64829
0.75172
0.73316
0.50562
0.49943
0.59485
0.47677
0.37406
0.38484
0.58092
0.65402
0.51441
0.85794
1.06930
0.95578
0.75805
0.73881
0.87521
0.59177
0.51496
0.50553
0.65063
2.94358
0.65653
0.71889
0.63212
0.64292
0.76881
0.60327
0.56165
0.61286
0.58549
0.52454
0.61282
1.36669
0.57488
0.63397
0.62392
0.55127
0.74614
0.58799
0.52289
1.05615
0.72901
0.85117
0.69063
0.69125
0.87761
0.60984
0.57331
0.66630
0.61321
0.63299
0.54857
0.56910
0.70035
0.68087
0.64290
0.63975
0.50573
0.91937
0.70554
0.70938
0.69250
0.60780
0.68257
0.60660
0.59200
0.64978
0.55240
0.87016
0.58508
0.59348
0.64542
0.52878
0.79184
0.68522
0.73065
0.75188
0.80687
0.79957
0.83491
0.60951
0.62971
0.58115
0.79924
0.54518
0.53132
0.61792
0.56472
0.62867
0.46584
0.45553
1.03760
0.69938
0.41583
0.52227
0.51824
0.61480
0.40922
0.67915
0.37645
0.65160
1.12800
0.69156
0.63236
0.56459
0.63606
0.78016
0.67483
0.64082
0.68062
1.13352
0.84469
1.75192
0.91174
0.90623
1.18912
0.74228
1.02505
0.80238
0.65202
0.56739
0.57470
0.71530
0.71717
0.65552
0.78201
0.66851
0.72403
0.59868
0.62363
0.89038
0.75141
0.66965
0.66447
0.62805
0.63154
1.08951
0.95446
0.83525
0.64777
0.64096
0.64084
0.61147
0.66601
0.60634
0.59567
0.63749
0.66565
0.78304
0.64014
0.86229
0.66946
0.64907
0.53670
0.47197
0.66421
0.41269
0.62166
0.67021
0.65493
0.51856
0.70174
0.61315
0.73515
0.67108
0.74764
0.53427
0.59566
0.43919
0.62664
0.68635
1.17111
0.54876
0.61770
0.59234
0.59933
0.53097
0.53282
0.67833
0.55414
0.65994
0.83605
0.65973
0.80899
0.69779
1.05879
0.73512
0.46045
0.54782
0.48794
0.57798
0.58539
0.59979
0.54979
0.64092
0.80979
0.76194
0.86663
0.57900
0.55948
0.48855
0.48838
0.68226
1.14511
0.84709
0.43675
0.53624
0.50080
0.94722
0.62478
0.76433
0.82630
0.66855
0.57050
0.56761
0.66326
0.70904
0.61607
0.97420
0.78947
0.58206
0.74688
0.52318
0.68728
0.86623
0.78230
0.67530
0.70682
0.59884
0.59756
0.59006
0.66307
0.69089
0.61855
0.64836
0.56000
0.53193
0.53477
1.01662
0.80035
0.58792
1.11259
0.91515
0.66164
0.59105
0.57461
0.71829
0.69743
0.52691
0.46502
0.47955
0.56311
0.61419
0.65439
0.35218
1.54900
0.42051
0.66459
0.72806
0.72119
0.47787
0.51911
0.89267
0.72176
0.35079
0.62832
0.54986
0.48539
1.35696
0.89983
0.54227
0.51065
0.58200
0.66892
0.47721
0.54489
0.43822
0.67491
0.51475
0.58479
0.77594
1.02240
0.52318
0.74326
0.87335
0.69926
0.47371
0.49983
0.87482
0.31731
0.41482
0.34563
1.70621
1.04242
1.33489
0.95455
0.99792
0.60115
0.69240
0.68321
0.72468
0.71301
0.79743
0.76284
0.59129
0.55175
0.63079
0.63919
0.60252
0.69063
0.56155
0.62580
0.48348
0.49902
0.69932
0.52605
0.46990
0.35080
0.42984
0.60794
1.14339
0.59092
0.52407
0.65927
0.51552
0.50638
0.83335
0.52409
0.52568
0.70204
0.57574
0.56433
0.57700
0.68405
0.52253
0.61456
0.56570
0.58442
0.52902
0.49784
0.42762
0.56903
0.58101
0.46278
0.55145
0.44631
0.35942
0.47005
0.52808
0.55296
0.65125
0.43575
0.73183
0.80079
0.88982
0.51488
0.72053
0.56624
0.32145
0.51654
0.44972
0.67404
1.17945
0.98242
0.68840
0.29914
0.54596
0.57803
0.52613
0.50808
0.63195
0.47695
0.53059
0.47254
0.83115
0.67607
1.09495
0.64368
0.96064
0.45663
0.32501
0.32911
0.63183
0.65077
0.59500
0.42031
0.55490
0.51607
0.40091
0.39907
0.62812
1.13318
1.05842
0.65328
0.48053
0.63688
0.69941
0.51956
0.62354
0.58566
0.54144
0.62039
0.58211
0.57500
0.57267
0.78805
0.58223
0.64279
0.54247
0.53038
0.54248
0.53809
0.80852
0.63938
0.59641
0.47009
0.51762
0.64947
0.58491
0.52344
0.52631
0.58841
0.51067
0.54238
0.50917
0.59882
0.40549
0.73521
0.76833
0.76204
0.50524
0.37464
0.81721
0.78348
0.41873
0.63108
0.51959
0.55763
0.30780
0.56912
0.39132
0.54837
0.90428
0.74946
0.68412
0.63851
0.54527
0.63963
0.40251
0.58670
0.64873
0.55614
0.70195
0.68931
0.50214
0.69242
0.46579
0.36844
0.33625
0.36222
0.65813
0.46843
0.62118
0.74547
0.52173
0.45562
0.37619
0.26659
0.25208
0.81292
0.52826
0.77474
0.60193
0.44733
0.34561
0.70709
0.59465
0.33367
0.60467
0.68181
0.51656
0.39449
0.51193
0.41069
0.59477
0.71304
0.48744
0.42046
0.58976
0.64586
0.32391
0.75037
0.45015
0.46233
0.32884
0.40570
0.83867
0.38789
0.65489
0.30870
0.39510
0.37342
0.28867
0.35300
0.45934
0.46643
0.52372
0.42406
0.27622
0.70362
0.81531
0.66271
0.84318
0.72451
0.39992
1.05700
0.54576
0.95312
0.96686
0.84853
0.68407
0.61405
0.60826
0.46177
0.44178
0.51993
1.19764
0.53551
0.80741
0.92593
0.68349
0.49129
0.64080
0.50982
0.75758
0.70688
0.46645
0.55792
0.68183
0.67408
0.57734
0.53080
0.63674
0.60724
0.54396
0.52914
0.85848
0.89845
0.65072
0.44176
0.44842
0.59674
0.50046
0.62257
0.50893
0.41736
0.54498
0.52872
0.51661
0.57214
0.52889
0.44933
0.72877
0.58968
0.54846
0.39875
0.38607
0.59805
0.62014
0.56458
0.49724
0.41483
0.45205
0.39223
0.71089
0.93926
0.68762
0.34758
0.34969
0.48817
0.53736
0.45111
0.38331
0.53400
0.67654
0.85387
0.54477
0.36137
0.30136
0.45771
0.45005
0.33285
0.50167
0.67211
0.61077
0.36810
1.03179
0.45801
0.51241
0.98574
0.47597
0.57879
0.47593
0.61251
0.29468
0.67543
0.51484
1.73167
0.57419
0.79552
0.92164
0.50913
0.42907
0.42680
0.51573
0.47590
0.35997
0.27459
0.32249
0.47980
0.60994
0.72178
0.53959
0.67850
1.26260
0.62853
0.81176
0.61225
0.62020
0.96759
0.62028
0.54009
0.44600
0.57076
0.51467
0.54928
0.54596
0.58503
0.54163
0.47618
0.57591
0.54802
0.60697
0.73655
1.27507
0.58609
0.60277
0.62006
0.42530
0.35854
0.55934
0.31670
0.50205
0.36740
0.52843
0.69567
0.47757
0.58765
0.48434
0.65892
0.28919
0.28140
1.60994
0.63780
0.37925
0.41921
0.64054
0.50769
0.60254
0.44992
0.37312
0.40753
0.35902
0.40486
0.39611
0.42253
0.39423
1.27851
0.50009
0.35370
0.44630
0.78229
0.38659
0.33063
0.42307
0.51767
0.58766
0.63153
1.05086
0.81416
0.69627
0.42844
0.59995
0.67893
0.48817
0.64748
0.46609
0.51507
0.37249
0.36255
0.53991
0.73287
0.61670
0.61987
0.54719
0.54519
0.66756
0.58178
0.31623
0.63161
0.36386
0.43263
1.41656
0.84288
0.59927
0.47195
0.62009
0.44631
0.47258
0.49262
0.59893
0.56743
0.60749
0.58945
0.60855
0.76445
0.95168
0.39483
0.20881
0.26552
0.52321
0.62405
0.73834
0.29686
0.32412
0.48749
0.40772
0.57358
0.26492
0.52072
0.35194
0.79851
0.55694
0.62521
0.36209
0.47308
0.54140
0.17141
0.39240
0.42640
0.38014
0.49731
0.70223
0.64020
0.69836
0.48890
0.58461
0.54897
0.59697
0.30274
0.39014
0.55561
0.38094
0.70746
0.42684
0.42046
0.44214
0.42913
1.00708
0.29883
0.47754
0.47153
0.32059
0.72788
0.38123
0.56514
0.22591
0.40793
0.63614
0.40168
0.85338
0.54946
0.73542
0.51723
0.39224
0.30103
0.23937
0.36251
0.46509
0.41606
0.60114
0.48315
0.67878
0.58422
0.44985
0.44478
0.29315
0.43894
0.43463
0.58800
0.51256
0.32306
0.88954
0.58791
0.38314
0.50035
0.24832
0.27920
0.88041
0.78016
0.27982
0.19308
0.16409
0.30103
0.53003
0.52836
0.35185
0.48467
2.22256
0.38033
0.40851
0.57548
0.54759
0.73648
0.46445
0.51556
0.67551
0.70883
1.06092
0.73187
0.39666
0.48635
0.71861
0.53737
0.47728
0.39625
1.07361
0.60171
0.52805
0.26794
0.36092
0.67143
0.58544
0.74299
0.52527
0.51242
0.48979
0.35736
0.45141
0.43418
0.38998
0.46646
0.45879
0.50836
0.56107
0.27376
0.60409
0.66752
0.52580
0.33423
0.30453
0.35684
0.46091
0.55059
0.31371
0.33304
0.31586
0.37294
0.65800
0.61201
0.59588
0.69560
0.81698
0.57501
0.38271
0.56072
0.45746
0.51960
0.39269
0.61946
0.24329
0.29987
0.43193
0.71173
0.85405
0.24298
0.43855
0.38011
0.32479
0.29346
0.38030
0.37403
0.14014
0.43515
0.07753
1.41348
0.34729
0.09310
0.50206
0.53271
0.39783
0.33676
1.15781
0.64518
0.32303
0.51564
0.26022
0.39240
0.25055
0.35013
0.27694
0.39743
0.19165
0.74885
0.37488
0.59354
0.26724
0.21205
0.37878
0.58870
0.50192
0.69470
0.45879
0.73871
0.45892
0.24966
0.32212
0.39201
0.50817
0.39542
0.18876
0.35156
0.65108
0.34346
0.88852
0.37265
0.26893
0.31310
0.50895
0.50960
0.42462
0.48187
0.27717
0.64807
0.36235
0.62259
0.40608
0.32010
0.24469
0.41815
0.16317
0.42559
0.59260
0.40393
0.66033
0.37530
0.43864
0.42883
0.50970
0.39977
0.31393
0.26996
0.44061
0.32669
0.22486
0.31070
0.52541
0.40807
0.50836
0.24929
0.35127
0.49545
0.22403
0.48098
1.28911
0.76173
0.39707
0.38830
0.53317
0.16247
0.39224
0.40290
0.39562
0.87237
0.28330
0.37673
1.63598
0.72579
0.45546
0.50768
0.68019
0.50781
0.18776
0.39379
0.42174
0.76802
0.36904
0.39805
0.86488
0.42253
0.52711
0.41379
0.46776
0.62848
2.86496
0.35024
0.78332
0.97667
0.67939
0.62805
0.96441
0.39221
0.39764
0.75472
0.34681
0.43702
0.77167
0.33355
0.57699
0.44658
0.56376
0.51689
0.51340
0.18042
0.86230
0.69103
0.36657
0.44449
0.20688
0.33151
0.34902
0.44295
0.53010
0.39468
0.35580
0.56850
0.46511
1.00067
0.28512
0.47574
0.56936
0.30884
0.34118
0.43457
0.46630
0.16997
0.88676
0.27564
0.53198
0.51442
0.67887
0.31953
0.32001
0.17105
0.60431
0.61310
0.62614
0.94149
0.45921
0.32826
0.29515
0.33345
0.16223
1.33555
0.61971
0.37275
0.27366
0.30744
0.14140
0.29573
2.03410
0.24641
0.34793
0.35256
0.24220
0.33914
0.31741
0.30608
0.30499
0.43722
0.23154
0.36074
0.37177
0.28932
0.27259
0.37558
0.38349
0.64190
0.63736
0.26638
0.35635
0.19703
0.49284
0.28615
0.32365
0.65479
0.20066
0.12204
0.43622
0.95600
0.22083
0.19514
0.44692
0.32639
0.28884
0.67543
0.95840
0.24202
0.27620
0.09910
0.40326
0.53238
0.64860
0.43475
0.46681
0.35060
0.28715
0.54780
0.28964
0.28848
0.17794
0.27053
0.20750
0.27897
0.31663
1.06974
0.53565
0.27202
0.30411
0.14769
0.26055
0.13973
0.24966
0.24201
0.24319
0.32523
0.54429
0.18409
0.46729
0.12652
0.52788
0.80724
0.10110
0.28193
0.66023
0.69614
0.26596
0.45696
0.64914
0.54406
0.41759
0.95782
0.17977
0.28564
0.17007
0.23261
0.16722
0.10719
0.14586
0.39108
0.22890
0.25671
0.54522
0.58298
0.47557
0.51161
0.36003
0.24439
0.44321
0.64746
0.58174
0.35205
0.34682
0.54686
0.29781
0.30272
0.23798
0.29943
0.65207
0.37657
0.69027
0.55529
1.03660
0.28792
0.26296
0.30982
0.22996
0.29647
0.42885
0.42245
0.14537
0.52355
0.25575
0.21739
0.30813
0.26547
0.25432
0.09890
0.28257
0.19975
0.27093
0.24013
0.19563
0.08906
0.22308
0.19180
0.24867
0.48892
0.65117
0.42605
0.10565
0.31183
0.45463
2.37486
0.64433
0.41112
0.19234
0.16453
0.99418
0.67927
0.73965
0.45632
0.24819
0.22867
0.19783
0.11979
0.11930
0.43923
0.47834
0.47793
0.38410
0.30767
0.32709
0.15785
0.33100
0.17937
0.19616
0.37579
0.12266
0.22639
0.31150
0.34365
0.30780
0.32248
0.19503
0.14401
0.41035
0.49221
0.53085
0.49295
0.21861
0.17202
0.14457
0.34133
0.33422
0.28479
0.27042
0.25840
0.74113
0.29006
0.30725
0.24038
0.29991
0.36909
0.29774
0.22421
0.17242
0.20270
0.14851
0.08492
0.62967
0.35830
0.33353
0.38990
0.47008
0.43543
0.22900
0.25318
0.43592
0.31924
0.19576
0.36601
0.15207
0.27079
0.58247
0.19650
0.39672
0.32138
0.61020
0.30824
0.16692
0.32753
0.39322
0.31048
0.17872
0.25510
0.25085
0.29947
0.45595
0.25696
0.69061
0.26601
0.11382
0.39808
0.24151
0.06021
1.15982
0.11953
0.22796
0.17818
0.16833
0.25301
0.19969
0.22937
0.59710
0.49022
0.27557
0.35054
0.15794
1.13888
0.59819
1.46632
0.32105
0.13490
0.12974
0.18227
0.29797
0.29078
0.39330
0.17403
0.30749
0.21722
0.32207
0.31972
0.27453
0.19879
0.25472
0.10758
0.37191
0.45166
0.15106
0.18868
0.47643
0.31124
0.21209
0.27087
0.36840
0.14194
0.63000
0.36092
0.67528
0.13439
0.24177
0.47512
0.14687
0.29474
0.29487
0.18701
0.21264
0.30212
0.35878
0.44199
0.24414
0.09588
0.20060
0.08394
0.42652
0.46412
0.35992
0.45042
0.31905
0.50448
0.18134
0.20823
0.30253
0.15935
0.19391
0.21874
0.26077
0.22942
0.07714
0.19314
0.36649
0.25431
0.27387
0.28505
0.72751
0.25712
0.17919
0.28927
0.12783
0.22544
0.20407
0.36683
0.09665
0.34987
0.07792
0.10561
0.03873
0.21309
0.37093
0.13826
0.17857
0.24380
0.20531
0.19008
0.02318
0.12330
0.24247
0.32252
0.19307
0.38585
0.07796
0.43139
0.15845
0.12376
0.03257
0.16458
0.43481
0.21644
0.20856
0.45803
0.17999
0.38473
0.07884
0.22234
0.26766
0.16969
0.14048
0.34879
0.91567
0.84053
1.13606
0.09714
0.12661
0.22671
0.04847
0.06297
0.21309
0.54911
0.22938
1.54352
0.70114
0.59890
0.25451
0.41586
0.21339
0.17174
0.20567
0.36695
0.26872
0.32994
0.28865
0.77202
0.48922
0.34970
0.24352
0.40837
0.27533
0.17076
0.44050
0.20814
0.22404
0.27956
0.29620
0.28102
0.25227
0.17833
0.45534
0.39957
0.84684
0.18731
0.36527
0.53572
0.31416
0.51481
0.31787
0.05619
0.07572
0.23188
0.25574
0.21007
0.87504
1.06048
0.41053
0.56008
0.37394
0.21552
0.38323
0.90061
0.42302
0.12192
0.10960
0.12622
0.07944
0.15426
0.38185
0.64097
0.14124
0.37419
0.17035
0.74300
0.19469
0.69943
0.23430
0.35010
0.06557
0.35099
0.32505
0.17804
0.34270
0.04419
1.12753
0.16948
0.07907
0.15673
0.33423
0.09390
0.19532
0.50858
0.31517
0.21789
0.09747
0.15391
0.31364
0.46616
0.10739
0.37586
0.58628
0.11775
0.08625
0.12148
0.21393
0.28295
0.13716
0.13212
0.16755
0.37079
0.25385
0.11048
0.24710
0.17320
0.47310
0.23349
0.05487
0.11187
0.24386
0.14413
0.20039
0.12026
0.08667
0.09335
0.33308
0.17181
0.35054
0.16587
0.07898
0.23256
0.08270
0.37468
0.11499
0.20374
0.20183
0.15750
0.51335
0.17969
0.22080
0.18829
0.12739
0.12568
0.21797
0.08748
0.19604
0.03689
0.30122
0.17014
0.30163
0.04134
0.34865
0.40342
0.56015
0.29202
0.11521
0.63993
0.17158
0.09922
0.85057
0.15699
0.07922
0.26150
0.62495
0.15301
0.08661
0.15459
2.37829
0.29665
0.30477
0.46734
0.38459
0.45753
0.29660
0.11759
0.26422
0.08502
0.26505
0.23992
0.11084
0.26983
0.27196
0.14872
0.03304
0.09243
0.74341
0.16720
0.30132
0.05042
1.54353
0.17194
0.63450
0.27469
0.39722
0.14977
0.06884
0.14823
0.53033
0.39120
0.07631
0.20623
0.35239
0.32155
0.15931
0.03762
0.11769
0.50067
0.07120
0.14662
0.16379
2.15557
0.29613
0.46804
2.09699
1.07194
0.30970
0.65075
0.37193
0.15221
0.57136
0.40078
0.33489
0.32647
0.17560
0.30245
0.46151
0.57682
0.33137
0.24037
0.24921
0.29360
0.33681
0.22784
0.15530
0.14546
0.20210
0.26431
0.18959
0.27106
0.15113
0.17163
0.09904
0.05912
0.09647
0.08984
0.17218
0.08796
0.21189
0.08959
0.05252
0.07420
0.13457
0.10708
0.22082
0.14139
0.09956
0.05591
0.17403
0.08166
0.05684
0.04806
0.25079
0.02581
0.16195
0.06254
0.07301
0.26761
0.12598
0.06498
0.39417
0.26290
0.20623
0.49388
0.56720
0.41133
0.29816
0.09878
0.07514
0.16391
0.30702
0.04018
0.35978
0.15397
0.20850
0.27617
0.10132
0.18846
0.17218
0.10161
0.24670
0.22829
0.02955
0.05590
0.18979
0.17677
0.19126
0.29851
0.83190
1.45351
0.11216
0.60707
0.13537
0.06216
0.50594
0.83428
0.08852
0.34243
0.15797
0.18335
0.11251
0.06868
0.17921
0.31166
0.31993
0.32657
0.40650
0.55420
0.17656
0.05297
0.10794
0.01285
0.17929
0.47435
0.15794
0.09378
0.28161
0.20421
0.12434
0.18874
0.08799
0.04166
0.05492
0.24141
0.04053
0.29468
0.09733
0.01722
0.06929
0.09403
0.18869
0.16984
0.16157
0.15943
0.04935
0.24793
0.02440
0.10325
0.32047
0.49686
0.99314
0.43605
0.42588
0.08173
0.10457
0.01797
0.07725
0.26418
0.07953
0.26114
0.00447
0.01297
0.21840
0.07818
0.10628
0.38688
0.27029
0.39406
0.36864
0.19932
0.14112
0.17205
0.24920
0.05394
0.26116
0.14478
0.16662
0.01501
0.43314
0.20521
0.27841
0.08051
0.02606
0.11036
0.21290
0.24141
0.21415
0.20231
0.06566
0.06491
0.10191
0.97277
0.02108
0.03565
0.05681
0.09321
0.29695
0.43003
0.08454
0.12008
0.13350
0.12585
0.14908
0.03417
0.18075
0.20271
0.07148
0.53607
0.05997
0.01110
0.12026
0.01235
0.09117
0.26406
0.26005
0.71078
0.05122
0.03813
0.22981
0.22797
0.20262
0.23224
0.23274
0.66883
0.00818
0.01291
0.04446
0.22804
0.15705
0.09100
0.05913
0.22050
0.08180
0.01111
0.19506
0.27782
0.20306
0.08705
0.07589
0.08498
0.02681
0.11921
0.05369
0.50635
0.07339
0.04363
0.05254
0.17538
0.10377
0.62506
0.07565
0.09355
0.00840
0.18073
0.56297
0.02309
0.21204
0.25523
0.01729
0.12097
0.04556
0.02951
0.26467
0.13797
0.03348
0.08728
0.12105
0.30347
0.20096
0.50971
0.20902
0.15771
0.08480
0.30493
0.99839
0.03591
0.18399
0.01148
0.00185
0.00178
0.86444
0.06480
0.03617
0.10147
0.07353
0.40918
0.01741
0.17262
0.13464
0.38410
0.46988
0.19788
0.48076
0.04126
0.44614
0.17711
0.30683
0.40454
0.19317
0.04902
0.15356
0.13837
0.07186
0.19612
0.05646
0.04130
0.18175
0.02439
0.24970
0.11205
0.10667
0.08301
0.17831
0.08332
0.03204
0.40584
0.42093
0.81062
0.02844
0.02714
0.29386
0.02840
0.30895
0.13231
0.12377
0.01033
0.18588
0.11399
0.02445
0.03169
0.23430
0.13397
0.26363
0.14472
0.34378
0.13550
0.04684
0.85763
0.10608
0.76380
0.17576
0.15333
0.19895
0.21516
0.13765
0.17109
0.49905
0.13434
0.05225
0.23980
0.11479
0.01815
0.16152
1.44696
0.18338
0.06043
0.15550
0.49064
1.25667
1.14392
0.01184
0.06291
1.12412
0.55563
0.94875
1.13201
0.21084
0.14724
0.32340
0.08759
0.13592
0.08314
0.42493
0.30547
0.16596
0.32313
0.07401
0.24191
0.02437
0.10593
0.07271
0.04655
0.50671
0.13120
0.04724
0.03881
0.15587
0.33915
0.30454
0.07007
0.51263
0.29480
0.04165
0.28404
0.36313
0.13509
0.00254
0.70121
0.06418
0.11309
0.71858
0.33411
0.09013
0.29572
0.07347
0.24199
0.27942
0.20986
0.10004
0.10067
0.22183
0.03044
0.41198
0.11456
0.18703
0.12778
0.05755
0.12160
0.01961
1.05685
0.45881
0.05208
0.30794
0.16828
0.03892
0.37375
0.03200
0.23298
0.09499
0.07950
0.16726
0.10333
0.20630
0.10309
0.05423
0.00112
0.02444
0.25575
0.02000
0.02239
0.00384
0.20662
0.05711
0.17553
0.22855
0.13255
0.01112
0.00593
0.77736
0.17391
0.12718
0.85113
0.09228
0.35015
0.25306
0.02710
0.22325
1.42952
0.29830
0.02385
0.01317
0.12382
0.26257
0.05572
0.27418
0.41099
0.13198
0.04093
0.06738
0.04552
0.03869
0.07263
0.00531
0.13753
0.00756
0.11947
0.36993
0.21791
0.00299
0.04615
0.01493
0.20983
0.09797
0.40964
0.68817
0.02284
0.36081
0.32981
0.22437
0.00833
0.36266
0.36666
1.07469
1.96254
0.29050
0.15082
0.06301
0.32703
0.19278
0.94523
0.73888
0.50558
0.28620
0.02488
0.15131
0.05094
0.33484
0.48967
0.01653
0.11396
0.03925
1.43583
0.10224
0.01316
0.22961
0.15310
0.02923
0.35264
0.04347
0.08096
0.33432
0.13956
0.04530
0.31577
0.03242
0.09984
0.16703
1.80530
0.13697
0.10984
0.13858
0.05369
0.02648
0.24794
0.03201
0.09152
0.44231
2.20417
0.08139
0.05824
0.06776
0.02864
1.11111
0.24291
0.05404
0.27218
0.28680
0.96566
0.90991
0.04358
0.85551
0.25809
0.36414
0.07879
0.56752
1.01729
0.08502
0.14142
0.04728
0.28878
0.02551
0.02435
0.23304
0.28592
0.39828
0.08619
0.72870
0.04333
0.26310
0.20341
0.04432
0.14294
0.02240
0.15303
0.05165
0.19264
0.06478
0.15182
0.47899
0.23476
0.26043
0.10231
0.17383
0.02497
0.03863
0.11702
0.31367
0.01662
0.02719
0.06076
0.03944
0.05712
0.01971
0.11518
0.02431
0.07244
0.02709
0.10762
0.00162
0.01500
0.00957
0.08279
0.07502
0.13180
0.06168
0.22039
0.09544
0.08723
0.04833
0.02472
0.03651
0.21345
0.25868
0.01416
0.18603
0.02524
0.08524
0.06759
0.20728
0.07768
0.00710
0.15051
0.00098
0.17047
0.65149
0.00266
0.11057
0.05699
0.00451
0.33940
0.11496
0.31069
1.77521
0.38403
0.00383
0.14597
0.00096
0.07837
0.02252
0.22365
0.06239
0.02925
0.00274
0.17587
0.54433
0.26190
0.23910
0.38297
0.15291
0.06626
0.01754
0.01431
0.12559
0.05773
0.20907
0.28935
0.03808
0.21634
0.03044
0.10725
0.06518
0.01360
0.75515
0.00359
0.18905
0.04258
0.01789
0.00972
0.03354
0.23562
0.13208
0.12238
0.35400
0.12359
0.04833
0.17550
0.59188
0.33335
0.03311
0.00602
0.37835
0.03171
0.03636
0.12955
0.16603
0.01138
0.03157
0.75046
0.85209
0.06729
0.32481
0.07552
0.34110
0.80529
0.19198
0.50117
0.00827
0.57623
0.07490
0.18351
0.60309
0.64748
0.21969
1.67649
0.21126
0.50872
0.10807
0.22577
0.00536
0.16169
0.68246
0.48530
0.37224
0.10210
0.05884
0.15219
0.03989
0.27843
0.61751
0.30101
0.15226
0.04052
0.00159
0.02143
0.08378
0.26153
0.20617
0.32571
0.01815
0.20202
0.06041
0.51084
0.07996
0.09234
0.04389
0.11209
0.04283
0.29114
0.01178
0.21706
0.08311
0.24050
0.06085
0.14987
0.14824
0.23944
0.10277
0.70553
0.06734
0.19221
0.09953
0.08549
0.13093
0.17531
0.01429
0.07440
0.05760
0.17296
0.06580
0.10903
0.01773
0.04457
1.42451
0.02462
0.04231
0.13046
1.06517
0.29777
0.22894
0.09319
0.20294
0.82420
0.20100
0.18429
0.07556
0.07030
0.30181
0.06179
0.42305
0.24224
0.33115
0.12288
0.12658
0.07271
0.12074
0.09557
0.09752
0.06057
0.11785
0.09900
0.29646
0.34803
0.34452
0.09039
0.20970
0.78901
0.24413
0.22670
0.16082
0.05543
0.11569
0.03006
0.17091
0.14395
0.14569
0.56479
0.03208
0.03501
0.03649
0.21111
0.05060
0.14577
0.17898
0.29093
0.12453
0.04056
0.05407
0.08338
0.08058
0.32319
0.14078
0.08828
0.28038
0.10454
0.07410
0.05539
0.07370
0.38554
0.21616
0.07159
0.01238
0.06006
0.08688
0.26050
0.31047
0.11365
0.22465
0.08335
0.47188
0.03769
0.03904
0.15408
0.17665
0.27169
0.05019
0.06555
0.02548
0.02252
0.03470
0.13349
0.02446
0.00638
0.04015
0.66156
0.13471
0.29487
0.25774
0.05802
0.15650
0.05824
0.07202
0.09763
0.05995
0.14136
0.45857
0.32427
0.23383
0.03263
0.00046
0.37136
0.04989
0.61622
0.32513
0.49086
0.01058
0.09909
0.13827
0.04618
0.04570
0.10242
0.02984
0.20212
0.00438
0.00697
0.02385
0.16322
0.25477
0.03176
0.02015
0.02963
0.30308
0.12439
0.06840
1.24462
0.00682
0.04106
0.01721
0.12017
0.10491
0.19946
0.07250
0.97363
0.00593
0.06367
0.25334
0.18260
0.04934
0.01586
0.49614
0.05278
0.61526
2.93108
0.44023
0.02933
0.01821
0.05132
1.07379
1.31869
1.21279
0.75762
0.01067
0.00325
0.09009
0.18106
0.17427
0.15663
0.26055
0.31249
0.28008
0.13318
0.05664
0.33567
0.61035
0.07860
0.15763
0.25007
0.37038
1.76114
0.06092
0.04349
0.12332
0.10718
0.44630
0.23168
0.06485
0.08731
0.06864
0.01554
0.08401
0.13830
0.04548
0.03767
0.22264
0.05170
0.02252
0.25070
0.07638
0.25408
0.00955
1.02133
0.02013
0.14020
0.02635
0.23142
0.03647
0.00380
0.06535
0.04439
0.03981
0.34197
0.09158
0.05118
0.09601
0.61062
0.05732
0.01716
0.08477
0.13502
1.01420
0.19770
0.00059
0.00172
0.55205
1.91307
1.62584
0.12838
0.04583
0.41785
0.26658
1.02330
0.00246
0.22337
0.20628
0.32258
0.25978
0.12817
0.23952
0.55779
0.01773
0.04505
0.12935
0.22710
0.26587
0.24150
0.08013
0.36997
0.63212
0.86049
0.13640
0.02907
0.01145
0.04770
0.07006
0.20037
0.11278
0.13604
0.09496
0.16287
0.81404
0.10138
0.13152
0.17533
0.66527
0.00639
0.10934
0.08923
0.07201
0.15406
0.00452
0.17335
0.00133
0.03987
0.32471
0.00443
0.01369
0.02418
0.19855
0.02381
0.03378
0.25611
0.30661
0.00647
0.02355
0.74060
0.01559
0.01583
0.09281
0.02527
0.09635
0.00623
0.00393
0.00379
0.00892
0.04167
0.03353
0.01789
0.37241
0.09359
0.01259
0.33275
0.00141
0.25642
0.11600
0.01300
0.00099
0.00539
0.02560
0.08201
0.10000
0.00703
0.29915
0.00109
0.12491
0.32597
0.10857
0.07700
0.09214
0.03093
0.04400
0.14159
0.00659
0.00404
0.35327
0.14706
0.02371
0.00702
0.07676
0.00433
0.14185
0.21864
0.02527
0.02664
0.06407
0.02083
0.00061
0.02423
0.51972
0.06647
0.09513
0.54479
0.00235
0.01456
0.00365
0.02454
0.26402
0.00324
0.25918
0.00753
0.12287
0.00978
0.02556
0.00430
0.03899
0.02998
0.05864
0.00066
0.01878
0.35666
0.47802
0.04384
0.12767
0.18126
0.00398
0.23377
0.82818
0.00598
0.15525
0.09918
0.02951
0.00225
0.02480
0.03633
0.10748
0.28786
0.09570
0.01197
0.09614
0.03574
0.17998
0.14266
0.43211
0.09038
0.06133
0.01608
0.21358
0.52122
0.01248
0.04007
0.08509
0.03854
0.02025
0.09872
0.00016
0.09911
0.08276
0.02409
0.01282
0.09344
0.06582
0.00164
0.00835
0.00591
0.10727
0.10874
0.01348
0.15543
0.30114
0.00807
0.10265
0.16696
0.53689
0.00371
0.00172
0.00023
0.02239
0.02656
0.00288
1.27855
0.10398
0.00191
0.08916
0.00220
0.00362
0.61906
0.10394
0.01483
0.00003
0.00006
0.02454
0.44008
0.00044
0.00048
0.00822
0.00029
0.00053
0.01675
0.08219
0.00249
0.00301
0.04238
0.00139
0.22072
0.13073
0.00101
0.06858
0.03382
0.00029
0.01127
0.05470
0.05414
0.24942
0.00861
0.51358
0.31881
0.04112
0.02257
0.01300
0.01528
0.41690
0.11191
0.13703
0.01777
0.11066
0.05295
0.00590
0.00111
0.00162
0.00236
0.01620
0.00002
0.02649
0.00928
0.00483
0.10219
0.02396
0.07661
0.00078
0.10448
0.31809
0.02925
0.24961
0.35054
0.01132
0.00430
0.39004
0.10139
0.35263
0.55621
0.00171
0.00074
0.00125
0.00456
0.04889
0.12377
0.12165
0.21127
0.00281
0.01025
0.69215
0.00787
0.25603
0.26392
0.00248
0.05847
0.00346
0.08616
0.00023
0.00061
0.04866
1.85081
0.02168
0.00317
0.06250
0.00411
0.00926
0.02203
0.01669
0.00065
0.00073
0.26495
0.00460
0.62967
0.22531
0.40300
0.09845
0.98752
0.37387
0.00361
0.14431
0.03316
0.08431
0.00584
0.00727
0.01535
0.04759
1.37470
0.11875
4.17502
0.20193
0.00094
0.65697
1.00318
0.34892
1.31906
1.18083
0.34186
4.16961
0.40065
0.03326
0.18079
0.09137
0.39158
0.09156
0.07721
0.57742
0.00868
1.19765
0.00261
0.14561
0.03777
0.07709
0.52280
0.10909
0.12773
0.01448
0.04139
0.07865
0.21295
0.22416
0.00867
0.12732
0.03974
0.08234
0.00653
0.02825
0.03209
0.02663
0.06345
0.01280
0.03781
0.21722
0.00800
0.01294
0.00378
0.00581
0.28586
0.13134
0.03172
0.08464
0.04633
0.08222
0.03327
0.25432
0.07123
0.00704
0.02512
0.14071
0.09026
0.07040
0.25942
0.00044
0.01777
0.09875
0.07718
0.32397
0.68993
0.11759
0.01576
0.07104
0.10600
0.63484
0.20852
0.50099
0.47854
0.27871
0.09138
0.00152
0.00487
0.00646
0.05743
0.51366
0.10338
0.00629
0.05930
0.09188
0.14857
0.11552
0.18808
0.10147
0.02808
0.08385
0.00766
0.05946
4.31549
0.30664
0.14532
0.04511
0.37413
2.19675
0.00779
0.04952
0.02837
1.07261
0.02663
1.67897
0.18062
0.10540
0.02474
0.26151
1.83337
1.30459
0.07413
0.00647
0.00186
0.52109
0.07066
0.13747
0.23957
0.00291
0.05792
0.04830
0.00398
2.23490
0.36832
0.18188
0.56630
0.02754
0.17562
1.43327
0.01721
0.03232
0.00244
0.88698
0.01326
0.54110
0.02841
0.06816
0.02843
0.13287
0.00281
0.21398
0.00480
0.19259
0.33154
0.07233
0.21058
0.31267
0.00374
0.05822
0.00546
0.13347
0.01773
0.00207
0.01352
0.00347
0.20436
0.04820
0.06767
0.05318
0.00021
0.58228
0.00183
0.02229
0.00038
0.00004
0.00247
0.06797
0.00786
0.19557
0.01754
0.00207
0.03792
0.06922
0.18680
0.08316
0.00532
0.11203
0.01106
0.04545
0.00035
0.00245
0.00181
0.00089
0.36719
0.00439
0.25517
0.05829
0.33363
0.09748
0.13468
0.07773
0.01160
0.05902
0.04858
0.00827
0.43651
0.25297
0.00699
0.00344
0.00003
0.00286
0.00155
0.35403
0.00227
0.14288
0.20619
0.21191
0.04414
0.05653
0.02003
0.06288
0.23265
0.07336
0.04009
0.01067
0.00224
0.48922
0.13252
0.00813
0.02389
0.03656
0.02269
0.12825
0.00949
0.00551
0.02945
0.01010
0.00738
0.04244
0.02291
0.00807
0.00054
0.10141
0.01166
0.16558
0.05993
0.03941
0.41835
0.01910
0.12103
0.00326
0.04617
0.01426
0.00958
0.08962
0.01188
0.05390
0.53808
0.00366
0.00077
0.07655
0.15648
0.02515
0.00253
0.00093
0.16498
0.05914
0.05516
0.00054
0.63767
0.00046
0.03679
0.00253
0.37463
0.00198
0.00021
0.05519
0.06682
0.05824
0.00879
0.06698
0.32712
0.03018
2.81068
0.04477
0.01587
0.00166
0.37568
0.49662
0.01014
0.10577
0.00468
0.10187
0.00835
0.07092
0.24786
0.00206
0.00631
1.33970
0.00269
0.05303
0.00064
0.00233
0.00086
0.01897
0.10664
0.37065
1.20774
0.17350
0.00294
0.02181
0.02869
0.26376
0.22201
0.00364
0.00613
0.12390
0.06236
0.61269
0.09831
0.01117
0.05268
0.00418
0.02612
0.23431
0.05565
0.00758
0.00148
0.01524
0.00002
0.14076
0.25980
0.00740
0.00098
0.21608
0.01906
0.00261
0.03882
0.00469
0.03194
0.10854
0.11310
0.00070
0.00015
0.00018
0.15714
0.22866
0.00142
0.01401
0.14516
0.39729
0.43398
0.01881
0.00895
0.24227
0.41593
0.00791
0.00000
1.02604
1.23167
0.28898
0.02846
0.24845
0.01073
0.00222
0.40628
0.22558
0.22529
0.00593
0.67929
0.10765
0.18958
0.00351
0.10129
0.01108
0.57394
0.88372
0.03647
0.00135
0.02421
0.28948
1.44574
0.24711
0.39059
0.04176
0.00080
0.11837
0.50011
0.25443
0.00183
0.42695
0.35985
0.17451
0.25016
0.00232
0.01622
0.01939
0.00311
0.01678
0.00203
0.00809
0.05487
0.04649
0.20638
0.00187
0.11432
0.03546
0.01940
0.01916
0.01328
0.48281
0.00123
0.00039
0.01137
0.76960
0.12112
0.06192
0.07812
0.06021
0.09011
0.19656
0.00162
0.19710
0.05505
1.08956
0.02705
0.16094
0.00137
0.02973
0.00467
0.16702
0.00034
0.01563
0.33978
0.02171
0.04037
0.03075
0.02180
0.07555
0.03374
0.00239
0.00246
0.03098
0.00872
0.19639
0.00020
0.00253
0.00077
0.02070
0.01409
0.04390
0.01993
0.00063
0.04272
0.10130
0.00827
0.12508
0.17509
1.36114
0.01201
0.02053
0.01905
0.00150
0.02484
0.24615
0.00466
0.28001
0.29136
0.00121
0.22010
0.00114
0.07721
0.04165
0.00001
0.00443
0.08420
0.11874
0.07681
0.14733
0.01563
0.02221
0.06529
0.02382
0.00207
0.01497
0.12623
0.89487
0.00613
0.01852
0.00304
0.11845
0.04114
0.35149
0.10695
0.00640
0.00140
0.01343
0.03810
0.00516
0.02219
0.00068
0.00012
0.00734
0.26953
0.13795
0.00312
0.02804
1.22110
0.25688
0.09158
0.00334
0.58607
0.70618
0.03824
0.00614
0.02996
0.37535
0.08913
0.00410
0.03147
0.04980
0.24111
0.00309
0.37043
1.14376
0.14147
0.03170
0.02929
0.03433
0.00007
0.02557
0.20023
0.00353
0.43034
0.03486
0.00282
0.82082
0.00308
0.00870
0.37658
0.00092
0.06213
0.27861
0.00310
0.00796
0.04891
0.00471
0.00915
0.03670
0.13793
0.40299
0.32189
0.02681
0.26334
0.01619
0.00500
0.17469
0.00365
0.03682
0.05370
0.01478
0.00319
0.17308
0.00292
0.00231
0.03100
0.01302
0.05735
0.05408
0.00712
0.01378
0.00133
0.04093
0.71697
0.02939
0.01188
0.14190
0.02442
0.01538
0.00938
0.00888
0.01870
0.15835
0.23483
0.07365
0.05045
0.00131
0.00568
0.01663
0.05923
0.19492
0.44117
0.01263
0.00243
0.01334
0.09389
0.00247
0.00087
0.00960
0.32881
0.00130
0.00534
0.01274
0.15247
0.02390
0.07047
0.11532
0.01338
0.02303
0.23289
0.00815
0.02576
0.00394
0.15019
0.00026
0.00335
0.02025
0.10649
0.03106
0.07872
0.10862
0.00049
0.00036
0.00286
0.04457
0.11153
0.02628
0.00172
0.10182
0.02465
0.30082
0.00813
0.03986
0.04927
0.04081
0.00246
0.00622
0.02087
0.01470
0.09979
0.49664
0.00900
0.00125
0.00595
0.20591
0.00008
0.00612
0.12183
0.14126
0.01129
0.00040
0.05702
0.00239
1.15441
0.00020
0.34584
0.03064
0.20982
0.00004
0.01263
0.21054
0.15151
0.00102
0.00061
0.35716
0.01035
0.50863
0.00575
0.01958
0.00000
0.01800
0.00001
0.00913
0.06050
0.38117
0.01298
0.00316
0.21214
0.26005
0.00177
0.00295
1.01419
0.00650
0.04485
0.00042
0.00359
0.00351
0.00418
0.00107
0.02762
0.00024
0.08711
0.00276
0.03360
0.00606
0.12250
0.00113
0.01396
0.01238
0.06044
0.01261
0.00007
0.18179
0.00203
0.03848
0.17023
0.00028
0.00337
0.18242
0.00697
0.00640
0.00392
0.12665
0.01568
0.17336
0.00097
0.00033
0.00007
0.04238
0.02583
0.00014
0.00950
0.18872
0.06141
0.02431
0.00202
0.00040
0.09279
0.00025
0.00536
0.38839
0.00059
0.00021
0.01416
0.00454
0.00022
0.00166
0.05900
0.00328
0.00069
0.04845
0.07294
0.00538
0.00060
0.03467
0.00176
0.07561
0.00800
0.00269
0.04690
0.01213
0.00015
0.00382
0.00283
0.02098
0.00223
0.00082
0.01214
0.03767
0.49702
0.09473
0.00071
0.00022
0.00070
0.00177
0.00035
0.00593
0.00442
0.13824
0.01764
0.00013
0.02028
0.00095
0.12755
0.00460
0.03137
0.23150
0.00512
0.01906
0.00191
0.00222
0.00654
0.00599
0.00076
0.00048
0.00162
0.02335
0.00009
0.00120
0.00403
0.00015
0.00002
0.00140
0.00049
0.00032
0.00020
0.04029
0.00005
0.00130
0.00567
0.02162
0.03494
0.00144
0.04877
0.00637
0.00003
0.00057
0.00284
0.04669
0.00881
0.01261
0.00028
0.00161
0.00007
0.00846
0.01036
0.00026
0.14056
0.00454
0.00016
0.00236
0.00002
0.04916
0.00059
0.00058
0.00844
0.02718
0.01614
0.00423
0.00187
0.02577
0.00506
0.00207
0.12463
0.00203
0.00014
0.00218
0.70772
0.01832
0.00759
0.00131
0.00054
0.01526
0.00061
0.00031
0.01393
0.00093
0.17134
0.00001
0.00000
0.00817
0.00585
0.00004
0.00018
0.00121
0.00003
0.00057
0.00004
0.00927
0.00076
0.12371
0.00143
0.00014
0.02189
0.00125
0.00019
0.03726
0.00082
0.00021
0.00266
0.06898
0.00051
0.00002
0.00130
0.00003
0.00009
0.00024
0.00162
0.00002
0.24657
0.00025
0.01218
0.00004
0.00000
0.00000
0.00006
0.00436
0.00209
0.05413
0.00319
0.00059
0.00449
0.02648
0.00090
3.86490
0.18258
0.00143
0.00002
0.00081
0.00016
0.51324
0.01258
0.00025
0.00797
0.00144
0.00433
0.00126
0.00295
0.25754
0.00009
0.00000
0.01702
0.06688
0.01725
0.09698
0.00531
0.00370
0.01442
0.00056
0.00326
0.08589
0.00713
0.00045
0.00059
0.00205
0.02755
0.00079
0.02422
0.03114
0.00472
0.04711
0.00111
0.01204
0.00043
0.00022
0.03800
0.00038
0.00001
0.00447
0.00066
0.00013
0.02310
0.00716
0.08765
0.00524
0.00196
0.01306
0.01188
0.00450
0.00027
0.01928
0.00742
0.00076
0.05879
0.00479
0.00001
0.00192
0.00452
0.00014
0.00779
0.07525
0.00137
0.00959
0.00037
0.01492
0.00117
0.01504
0.00485
0.00064
0.01276
0.00515
0.00094
0.00015
0.00353
0.00008
0.00401
0.00037
0.00005
0.00038
0.25439
0.02113
0.00015
0.00003
0.00036
0.06775
0.00347
0.00252
0.00156
0.00003
0.00211
0.00073
0.00015
0.00131
0.05822
0.00069
0.00504
0.00189
0.00005
0.00012
0.01652
0.45157
0.14963
0.00154
0.00391
0.04413
0.11885
0.00100
0.00068
0.00198
0.00325
0.00024
0.01345
0.00013
0.00774
0.00061
0.00650
0.00774
0.00128
0.07152
1.66075
0.04298
0.00225
0.04074
0.00017
0.00001
0.00009
0.01612
0.00230
0.00119
0.00199
0.00272
0.00023
0.00003
0.00024
0.01051
0.00009
0.00037
1.47731
0.09615
0.00079
0.00459
0.13846
0.06426
0.08365
0.01536
0.00124
0.16565
0.00401
0.00328
0.25886
0.06469
0.00185
0.02152
0.01046
0.00294
0.01996
0.00554
0.02922
0.00762
0.00713
0.05104
0.00666
0.01039
0.00009
0.03108
0.00357
0.08759
0.01853
0.00185
0.02117
0.00139
0.00111
0.01063
0.13950
0.20492
0.00029
0.00585
0.00128
0.06472
0.00062
0.00591
0.00022
0.00005
0.00014
0.00086
0.01239
0.00050
0.01135
0.07226
0.00072
0.00435
0.00263
0.01204
0.00009
0.00012
0.00004
0.00002
0.00903
0.00690
0.02212
0.00012
0.00810
0.01587
0.00028
0.08567
0.00240
0.05679
0.00242
0.01089
0.06681
0.00001
0.02121
0.00155
0.00015
0.00052
0.00083
0.05228
0.00648
0.21811
0.02909
0.00035
0.00278
0.00062
0.00688
0.00238
0.00065
0.01221
0.00038
0.31085
0.00004
0.00145
0.11731
0.00135
0.00079
0.00169
0.21071
0.00178
0.00011
0.00801
0.00077
0.00841
0.00263
0.00309
0.01411
0.02538
0.00007
0.00080
0.00017
0.03960
0.00010
0.00048
0.07721
0.03934
0.00583
0.01800
0.02663
0.00041
0.00020
0.00129
0.00269
0.00003
0.00126
0.00030
0.00010
0.01790
0.00155
0.00433
0.02552
0.00000
0.00128
0.41991
0.00009
0.00117
0.00000
0.52435
0.00046
0.00005
0.00016
0.11892
0.00767
0.00007
0.00012
0.00002
0.32109
0.00139
0.94930
0.67573
0.00009
0.01228
0.04607
0.00081
0.02264
0.00027
0.13381
0.01322
0.11397
0.00369
0.11453
0.32023
1.34377
0.06785
0.23285
0.01366
0.01525
0.00752
0.00052
1.53665
0.08787
0.17734
0.00014
0.04438
0.01527
0.00020
0.01122
0.00025
0.35621
0.81916
0.06094
0.01612
0.04879
0.01262
0.12321
0.00211
0.00829
0.31810
0.00035
0.00469
0.02460
0.01194
0.12436
0.35431
0.01969
0.00773
0.00514
0.11631
0.00041
0.01829
0.02124
0.01121
0.00668
0.23839
0.01854
0.16642
0.00253
0.00182
0.09079
0.00213
0.01595
0.00825
0.00101
0.00335
0.02974
0.00798
0.01338
0.01346
0.00173
0.07199
0.00260
0.01423
0.01540
0.31252
0.00189
0.52446
0.07957
0.00222
0.04980
0.01080
0.13188
0.00110
0.00207
0.01391
0.00152
0.02638
0.01328
0.00257
0.00121
0.00215
0.00149
0.16861
0.00007
0.03871
0.00002
0.00205
0.04028
0.00082
0.00132
0.01211
0.00552
0.11988
0.01355
0.14578
0.01768
0.00152
0.00150
0.05890
0.01844
0.00025
0.02298
0.28719
0.05664
0.01141
0.02167
0.03891
0.00039
0.03749
0.00553
0.00112
0.01410
0.00627
0.11030
0.46136
0.02079
0.65559
0.34635
0.00183
0.05353
0.03223
0.03075
0.00268
0.00095
0.00058
0.03300
0.00252
0.05602
0.08285
0.00359
0.00666
0.15776
0.00899
0.00300
0.48009
0.19125
0.01737
0.00563
0.00208
0.00153
0.00152
0.20588
0.00625
0.00169
0.00012
0.04110
0.11571
0.00085
0.00180
0.02498
0.00195
0.19675
0.00865
0.00642
0.71462
0.20984
0.01250
0.00530
0.03273
0.07551
0.00979
0.01432
0.01975
0.07984
0.07938
0.00342
0.00636
0.06186
0.14205
0.14631
0.12566
0.00199
0.00010
0.11956
0.00798
0.25710
0.00083
0.01946
0.00471
0.00413
0.13584
0.00172
0.76086
0.04082
0.00060
0.05098
0.00115
0.05884
0.00051
0.05157
0.07274
0.00331
0.00050
0.00113
0.93637
0.00583
0.00063
0.01260
0.13649
0.03137
0.03935
0.22249
0.01313
0.11614
0.00239
0.00034
0.00075
0.00007
0.27235
0.04782
0.00519
0.00046
0.05457
0.00019
0.04196
0.00242
0.00091
0.00562
0.00072
0.00020
0.24789
0.14465
0.03350
0.00591
0.00204
0.01567
0.08478
0.73924
0.01613
0.39506
0.00052
0.01479
0.07746
0.00040
0.09865
0.00151
0.00224
0.01424
0.05801
0.00634
0.22057
0.00095
0.00064
0.00001
0.00472
0.25847
0.00058
0.00013
0.28724
0.00385
0.00195
0.00241
0.00034
0.57410
0.00377
0.00305
0.00374
0.31909
0.00097
0.00116
0.00256
0.00032
0.00874
0.01530
0.00924
0.06081
0.00041
0.00234
0.00075
0.05109
0.01471
0.00141
0.00013
0.00041
0.00009
0.42950
0.01063
0.00145
0.71517
0.07609
0.25017
0.00159
0.00239
0.00238
0.01865
0.01131
0.00481
0.03872
0.49141
0.00015
0.00108
0.00774
0.00012
0.04185
0.01804
0.05174
0.94973
0.02216
0.56119
0.54335
0.00731
0.00662
0.03206
0.00607
0.01802
0.00554
0.14781
0.07362
0.44408
1.22527
0.00029
0.00012
0.14954
0.14568
0.05835
0.02212
0.14644
0.39816
0.14558
0.34430
0.00024
0.00044
0.42664
2.98227
0.16569
0.00004
0.00152
0.06598
0.00021
0.40094
0.20307
0.00022
0.34999
0.41443
0.06978
0.37904
0.08811
0.31822
0.05683
0.00132
0.01353
0.00194
0.00312
0.10770
0.00051
0.01470
0.97648
0.00542
0.00016
0.60089
0.02927
0.17734
0.00041
0.00634
0.32188
0.00307
0.00049
0.17730
0.00328
0.00003
0.02178
0.00056
0.00203
0.02437
0.01622
0.62472
0.00084
0.17738
0.12230
0.00002
0.00331
0.00138
0.00015
0.06014
0.00587
0.52066
0.00001
0.00060
0.00009
0.16965
0.00259
0.16432
0.70356
0.25268
0.00001
0.01288
0.03321
0.08103
0.01243
0.00025
0.63220
0.14456
1.05956
0.03448
1.20449
0.15157
0.02981
0.13221
0.02894
0.24827
0.09239
0.00020
0.31081
0.18486
0.00216
0.56130
0.00360
0.13257
0.02337
0.02247
0.00898
0.01193
0.18670
0.17436
0.07938
0.06163
0.00022
0.03016
0.00067
0.00230
0.00109
0.00213
0.00024
0.00066
0.00062
0.10136
0.02564
0.00040
0.25142
0.01258
0.00240
0.01040
0.00118
0.00031
0.17499
0.58785
0.00094
0.00035
0.03637
0.03359
0.02738
0.00799
0.03587
0.00129
0.00908
0.00224
0.05827
0.04045
0.00496
0.04134
0.06244
0.04191
0.01657
0.00104
0.03924
0.00344
0.00463
0.00006
0.22656
0.00552
0.27652
0.38458
0.03162
0.00290
0.08759
0.00066
0.11464
0.03728
0.00009
0.00132
0.12059
0.00053
0.02834
0.09402
0.00085
0.01575
0.00172
0.00268
0.00410
0.21928
0.00762
0.00167
0.26943
0.00169
0.00003
0.00006
0.00349
0.01697
0.00043
0.05545
0.00181
0.00055
0.00713
0.02165
0.00709
0.07047
0.00154
0.00404
0.00100
0.04251
0.00021
0.00040
0.00097
0.00225
0.00090
0.05458
0.00272
0.00067
0.00285
0.00055
0.00255
0.00038
0.00473
0.37200
0.00313
0.06770
0.00055
0.00118
0.01015
0.01044
0.00073
0.00006
0.00106
0.09780
0.00227
0.00242
0.55209
0.00178
0.00014
0.00101
0.00001
0.00184
0.01820
0.00052
0.00034
0.00297
0.00071
0.00109
0.00362
0.00024
0.14473
0.02340
0.00370
0.00001
0.00810
0.00092
0.00053
0.00508
0.00069
0.02542
0.02190
0.00554
0.00097
0.00016
0.00017
0.00064
0.00005
0.00023
0.00025
0.00005
0.00009
0.00817
0.03855
0.00000
0.00000
0.52728
0.00341
0.00015
0.00002
0.00945
0.08110
0.03607
0.53124
0.02113
0.00462
0.13359
0.00750
0.16108
0.01109
0.05511
0.00017
0.02095
0.06706
0.00784
0.04438
0.42995
0.00538
0.02326
0.09137
0.00050
0.00049
0.05380
0.18305
0.02034
0.00218
0.00094
0.00537
0.00188
0.00084
0.00096
0.00256
0.00000
0.00282
0.00730
0.00041
0.00215
0.00446
0.00696
0.07807
0.01467
0.00341
0.00031
0.00146
0.00626
0.00247
0.01310
0.00215
0.22045
0.00063
0.00708
0.00006
0.00005
0.00028
0.00111
0.00962
0.00152
0.03093
0.00045
0.00131
0.03295
0.00370
0.00009
0.00593
0.00001
0.00504
0.04399
0.00184
0.12250
0.00276
0.00124
0.00236
0.00093
0.02242
0.00428
0.03290
0.01337
0.00076
0.00023
0.00010
0.00001
0.02312
0.00655
0.00819
0.00178
0.00039
0.00001
0.05760
0.10104
0.00023
0.05228
0.00039
0.04431
0.00046
0.00049
0.00002
0.00845
0.00052
0.00008
0.00058
0.00041
0.00043
0.00033
0.00128
0.00001
0.00008
0.00081
0.04039
0.00013
0.00005
0.00071
0.00006
0.00055
0.00006
0.00006
0.88698
1.26485
0.00092
0.00028
0.14893
0.06629
0.00032
0.00097
0.00018
0.29428
0.14266
0.13881
0.00000
0.00024
0.31034
0.35566
0.00181
0.00022
0.02142
0.12699
1.09751
0.36418
0.00032
0.00626
0.00365
0.02805
0.05183
0.10855
0.18467
0.00042
0.01631
0.20735
0.00005
0.00000
0.00466
0.00002
0.00002
0.00070
0.00515
0.00049
0.00043
0.00024
0.29834
0.00065
0.00093
0.00064
0.02483
0.00004
0.00016
0.00006
0.00221
0.00024
0.00160
0.00069
0.00002
0.00470
0.00103
0.00085
0.10043
0.00419
0.00356
0.00101
0.00112
0.00199
0.00264
0.00155
0.00038
0.08262
0.08191
0.00384
0.00117
0.00280
0.20428
0.10359
0.00319
0.00021
0.00002
0.05383
0.00090
0.00937
0.05932
0.00127
0.05222
0.00623
0.12824
0.00324
0.30763
0.03604
0.00008
0.02173
0.00007
0.00082
0.00016
0.04316
0.00972
0.00018
0.00005
0.00001
0.00676
0.00024
0.42262
0.00018
0.00000
0.00021
0.00302
0.00017
0.00002
0.00007
0.00022
0.00802
0.00006
0.00573
0.00218
0.00022
0.00892
0.00036
0.01503
0.00034
0.00193
0.00017
0.00563
0.00146
0.00015
0.00051
0.00185
0.00012
0.00954
0.00007
0.00238
0.00130
0.01000
0.00004
0.00007
0.00364
0.04032
0.00109
0.00010
0.00071
0.00497
0.00899
0.00751
0.00952
0.00061
0.00017
0.00015
0.00221
0.00006
0.00001
0.00031
0.00018
0.00001
0.00707
0.00745
0.00061
0.15588
0.00566
0.01196
0.00372
0.00002
0.00064
0.00545
0.00155
0.00496
0.00000
0.07835
0.00202
0.00248
0.00479
0.11746
0.00053
0.00026
0.00074
0.02828
0.00243
0.00005
0.00082
0.00388
0.00070
0.00020
0.00000
0.01097
0.00033
0.00204
0.00001
0.00000
0.00008
0.00001
0.00012
0.00204
0.00161
0.00261
0.00048
0.00007
0.00002
0.02305
0.00127
0.00135
0.00021
0.00063
0.00313
0.00058
0.06407
0.00004
0.00018
0.00004
0.00626
0.00048
0.07936
0.00003
0.00104
0.21603
0.00000
0.00074
0.00162
0.00021
0.00006
0.00084
0.00026
0.00008
0.00088
0.00001
0.03784
0.00002
0.00086
0.00001
0.00046
0.00313
0.00061
0.00012
0.00025
0.00010
0.63567
0.22419
0.00003
0.00616
0.00001
0.00001
0.00001
0.00061
0.00003
0.00138
0.00003
0.00143
0.00000
0.04941
0.00002
0.00004
0.00005
0.00126
0.02644
0.00822
0.00305
0.00010
0.00030
0.00009
0.00044
0.00099
0.00052
0.00001
0.00005
0.00020
0.00593
0.00038
0.00040
0.00717
0.00001
0.00019
0.00011
0.00035
0.00084
0.00011
0.00000
0.00004
0.73208
0.05342
0.00016
0.00488
0.00787
0.00001
0.00000
0.00007
0.00004
0.00012
0.00005
0.00001
0.00001
0.00001
0.01703
0.00000
0.00132
0.00030
0.00016
0.00408
0.00001
0.00035
0.00239
0.07015
0.03127
0.46059
0.00042
0.00001
0.00002
0.16824
0.02132
0.00004
0.07570
0.00006
0.06832
0.00000
0.00023
0.00086
0.00065
0.08942
0.21198
0.00057
0.13245
0.00885
0.38037
0.02608
0.00029
0.07422
0.00010
0.03336
0.33725
0.00044
0.00051
0.08607
0.01968
0.04062
0.01365
0.03453
0.00127
0.00001
0.00005
0.25959
0.00490
0.08908
0.00060
0.00001
0.00007
0.00027
0.00048
0.46015
0.00000
0.50151
0.33589
0.00022
0.07370
0.00000
0.00042
0.25745
0.47590
0.03249
0.00002
0.05704
0.00018
0.00249
0.00019
0.00037
0.00006
0.03100
0.00604
0.00021
0.48800
0.00482
0.00101
0.18434
0.01786
0.00000
0.01671
0.00001
0.00006
0.41704
0.00001
0.07421
0.00561
0.00368
0.00347
0.00064
0.00001
0.00637
0.00474
0.00325
0.03714
0.00930
0.89927
0.05401
0.00267
0.04529
0.45006
0.00016
0.00003
0.00053
0.00000
0.39833
0.01507
0.00300
0.01113
0.04996
0.01653
0.52011
0.01999
0.00367
0.00043
0.00062
0.00000
0.00004
0.22954
0.03008
0.12497
0.00164
0.10740
0.00017
0.00083
0.00052
0.04145
0.00065
0.00001
0.00053
0.10284
0.12085
0.00002
0.02156
0.00002
0.68489
0.25787
0.00021
0.19887
0.00010
0.00147
0.00281
0.00006
0.00000
0.00012
0.00004
0.00044
2.37981
0.00066
0.00004
0.00171
0.00000
0.00000
0.00016
0.00015
0.00056
0.02896
0.00001
0.53024
0.04917
0.00085
0.00773
0.06194
0.00005
0.60142
0.51132
0.00777
0.44893
0.00690
0.21673
0.00007
0.03125
0.04847
0.07007
0.03877
0.00211
0.07469
0.00005
0.00018
0.00701
0.14130
0.02045
0.20153
0.04330
0.03675
0.00523
0.00081
0.17248
0.03957
0.01038
0.04783
0.02055
0.00111
0.00799
0.00004
0.00675
0.00030
0.06097
0.07705
0.00060
0.00350
0.02819
0.03936
0.00026
0.00103
0.00003
0.00004
0.09656
1.88844
0.00001
0.00017
0.00060
0.00137
0.73299
0.00539
0.02187
0.00439
0.00458
0.00037
1.17814
0.00040
0.00065
0.03942
0.09338
0.00243
0.00440
0.11843
0.00072
0.26052
0.00038
0.06138
0.00000
0.00111
0.05052
0.06629
0.00153
0.17446
0.19795
0.00066
0.00069
0.00164
0.00061
0.00540
0.00729
0.00994
0.01923
0.00220
0.00248
0.00111
0.00044
0.00167
0.10956
0.13701
0.00475
0.00995
0.00021
0.00179
0.00228
0.00246
0.00800
0.19522
0.00021
0.00606
0.00032
0.00733
0.00787
0.00062
0.03180
0.00974
0.00764
0.00009
0.00020
0.00003
0.00409
0.00689
0.08060
0.00043
0.00149
0.00010
0.00102
0.09254
0.00007
0.00866
0.00377
0.00037
0.00300
0.00049
0.00699
0.04849
0.00574
0.01302
0.00512
0.00007
0.00071
0.00059
0.00043
0.00074
0.00100
0.00352
0.00005
0.00000
0.00076
0.00105
0.00148
0.00012
0.05224
0.00015
0.00322
0.00010
0.00001
0.03730
0.00034
0.00076
0.01904
0.00008
0.00205
0.00003
0.00037
0.00087
0.00030
0.00098
0.06982
0.00305
0.01686
0.00032
0.56966
0.00892
0.00024
0.00252
0.00241
0.56249
0.05016
0.00175
0.01915
0.00008
0.01044
0.02316
0.00261
0.00283
0.00223
0.13424
0.00443
0.00932
0.42765
0.00002
0.00814
0.00073
0.00475
0.26771
0.00309
0.00255
0.00040
0.00092
0.04440
0.38944
0.00020
0.10871
0.04470
0.15821
0.00061
0.00011
0.00002
0.00016
0.05738
0.00013
0.00025
0.00012
0.00117
0.00000
0.18876
0.00236
0.00031
0.00016
0.00030
0.00231
0.00017
0.02092
0.00402
0.00510
0.00006
0.00001
0.00004
0.00363
0.00331
0.00032
0.00000
0.00076
0.06447
0.00322
0.00099
0.00115
0.00088
0.03327
0.00369
0.00001
0.00001
0.00374
0.00890
0.00005
0.00009
0.00165
0.46241
0.00007
0.00015
0.00846
0.00074
0.00005
0.00001
0.00001
0.00033
0.00008
0.01738
0.03515
0.00002
0.00215
0.00002
0.00003
0.00527
0.00005
0.00149
0.00570
0.00460
0.36453
0.00071
0.19362
0.00378
0.00011
0.00007
0.00002
0.00000
0.00035
0.01112
0.00469
0.03564
0.00327
0.01526
0.00031
0.00000
0.00002
0.13256
0.09950
0.03366
0.00358
0.00329
0.00009
0.02137
0.00085
0.22134
0.00166
0.00060
0.00010
0.00000
0.18566
0.00733
0.17215
0.00023
0.00003
0.00002
0.07367
0.00345
0.00006
0.27272
0.05677
0.00616
0.42761
0.04630
0.05414
0.00027
0.00021
0.00006
0.01975
0.14763
0.19949
0.03410
0.00037
0.03385
0.00148
0.00693
0.10605
0.00906
0.00000
0.00001
0.00007
0.00054
0.00008
0.00241
0.00032
0.00002
0.00547
0.00434
0.00006
0.00000
0.00050
0.06330
0.01709
0.00009
0.00001
0.00041
0.00003
0.00093
0.00045
0.00274
0.00078
0.03430
0.02236
0.00132
0.00000
0.00048
0.00429
0.00139
0.00081
0.00198
0.00001
0.06342
0.00006
0.03310
0.00177
0.00002
0.00002
0.00000
0.20373
0.00000
0.00000
0.00328
0.00045
0.02882
0.35309
0.00686
0.05306
0.00001
0.03268
0.00005
0.03430
0.00001
0.00005
0.00131
0.00082
0.00003
0.00408
0.00182
0.01983
0.12266
0.60800
0.01272
0.00001
0.00002
0.00284
0.00132
0.00099
0.00592
0.20853
0.00145
0.00142
0.30711
0.00000
0.00591
0.00011
0.00005
0.00453
0.00350
0.00063
0.00008
0.00101
0.03290
0.00002
0.00001
0.00207
0.00000
0.00001
0.00001
0.00029
0.00018
0.00000
0.00001
0.00009
0.00177
0.00000
0.00007
0.04716
0.00005
0.00001
0.00031
0.00007
0.00115
0.00003
0.00348
0.28032
0.00000
0.00008
0.00000
0.00012
0.29303
0.00045
0.00004
0.03462
0.00020
0.00089
0.00001
0.00004
0.00000
0.00005
0.00000
0.01213
0.00515
0.00009
0.00384
0.00000
0.00013
0.00002
0.00038
0.00000
0.12388
0.00104
0.00040
0.13141
0.00002
0.00207
0.00012
0.00020
0.00000
0.01869
0.00012
0.00496
0.00158
0.00001
0.14941
0.01460
0.03690
0.00171
0.00063
0.00113
0.00022
0.00000
0.00206
0.00005
0.01106
0.00535
0.00242
0.10787
0.00249
0.00000
0.01871
0.00043
0.00024
0.11961
0.01521
0.00157
0.00203
0.00001
0.00078
0.00031
0.00024
0.18003
0.00172
0.00003
0.00001
0.00001
0.00000
0.00050
0.00083
0.00009
0.00034
0.00009
0.20986
0.00025
0.00372
0.00000
0.02299
0.03679
0.00622
0.00410
0.73357
0.00007
0.00000
0.01127
0.00000
0.00007
0.00065
0.00023
0.00000
0.00007
0.01145
0.00001
0.00001
0.00039
0.00006
0.00008
0.00800
0.00220
0.00009
0.00181
0.00018
0.00038
0.00002
0.06136
0.00045
0.00003
0.00088
0.00002
0.00014
0.00057
0.00001
0.00001
0.00065
0.07297
0.00008
0.00946
0.00000
0.11109
0.00014
0.00000
0.00000
0.00001
0.03903
0.00004
0.00319
0.00113
0.00042
0.00001
0.00304
0.07579
0.00002
0.05925
0.00016
0.00125
0.00030
0.00003
0.00013
0.00001
0.00000
0.00001
0.00847
0.00667
0.00152
0.14048
0.00030
0.00043
0.00023
0.00001
0.00006
0.00064
0.00235
0.00000
0.00672
0.08227
0.00009
0.00004
0.00017
0.13831
0.00589
0.00427
0.04297
0.00493
0.01111
0.00016
0.23816
0.00015
0.01030
0.00107
0.00011
0.00033
0.00031
0.33669
0.00429
0.07128
0.00870
0.00003
0.01834
0.02738
0.00002
0.03601
0.00001
0.00384
0.00001
0.00081
0.00045
0.00505
0.00001
0.00578
0.00013
0.01080
0.00000
0.00007
0.06184
0.75064
0.08622
0.00233
0.00083
0.00006
0.00007
0.00006
0.00034
0.00007
0.00037
0.00445
0.00817
0.00137
0.14310
0.00204
0.03657
0.15327
0.00000
0.00678
0.00013
0.00323
0.00046
1.03403
0.02351
0.00023
0.00382
0.00111
0.00083
0.00004
0.00008
0.01961
0.10039
0.01292
0.00002
0.00002
0.02722
0.00748
0.02454
0.00011
0.00081
0.00532
0.00611
0.02555
0.01087
0.00040
0.00118
0.00569
0.00510
0.23955
0.00003
0.00830
0.00004
0.00658
0.00001
0.00002
0.00345
0.01366
0.00001
0.00001
0.00052
0.00048
0.00008
0.00292
0.00010
0.00445
0.00888
0.00000
0.00000
0.00005
0.00109
0.00006
0.00002
0.00009
0.05697
0.00039
0.00000
0.00001
0.00011
0.00016
0.00004
0.00001
0.02992
0.00008
0.00395
0.01524
0.00045
0.00013
0.00004
0.00459
0.00004
0.00358
0.00001
0.00210
0.00258
0.00001
0.03259
0.00002
0.00010
0.00000
0.00000
0.00002
0.00010
0.00036
0.00003
0.00119
0.00003
0.02570
0.00002
0.00023
0.00835
0.00002
0.00006
0.01205
0.00000
0.00008
0.03632
0.00003
0.00076
0.00001
0.00077
0.00003
0.00027
0.00003
0.00028
0.00001
0.00022
0.00080
0.00002
0.00000
0.00073
0.00083
0.00012
0.00013
0.00000
0.00002
0.02437
0.00098
0.00018
0.00006
0.00639
0.00002
0.00439
0.04414
0.00103
0.00064
0.00007
0.00016
0.00016
0.00000
0.27247
0.00000
0.00007
0.26693
0.00002
0.00000
0.00027
0.00003
0.00002
0.00000
0.00000
0.00002
0.15504
0.00077
0.00002
0.00000
0.00000
0.00039
0.01204
0.00008
0.01150
0.00116
0.00003
0.00858
0.00000
0.00601
0.75101
0.00132
0.00004
0.00000
0.02373
0.00082
0.00000
0.00407
0.00011
0.00000
0.00081
0.00000
0.00043
0.44321
0.00560
0.00012
0.00051
0.00047
0.00389
1.37845
0.00228
0.00005
0.08783
0.07509
0.00521
1.44467
0.00668
0.05860
0.00012
0.00002
0.06301
0.00000
0.00076
0.00075
0.32505
0.00132
0.00012
0.40551
0.00768
0.01230
0.17129
0.00000
0.00020
0.00480
0.00003
0.00002
0.02868
0.00195
0.02723
0.00214
0.00253
0.00440
0.01908
0.00098
0.01014
0.00592
0.10385
0.00002
0.00001
0.00385
0.37233
0.00011
0.00169
0.00000
0.00038
0.00047
0.00630
0.00002
0.04411
0.00009
0.00069
0.00168
0.00117
0.00027
0.00152
0.00683
0.00185
0.00024
0.00622
0.01718
0.00050
0.01637
0.00022
0.00001
0.00001
0.00366
0.21795
0.00233
0.02905
0.00221
0.00143
0.04338
0.00019
0.90281
0.61059
0.00308
0.00173
0.00252
0.00362
0.01623
0.01931
0.00018
0.00050
0.00032
0.00013
0.00089
0.00062
0.41515
0.01194
0.00065
0.00039
0.00080
0.00101
0.00009
0.00104
0.02287
0.00255
0.00042
0.00009
0.00042
0.06539
0.00002
0.01222
0.00416
0.88431
0.00181
0.01261
0.00035
0.00981
0.00111
0.00750
0.00002
0.00008
0.01563
0.00009
0.00005
0.56522
0.00730
0.00117
0.00077
0.00005
0.00104
0.00060
0.00004
0.00303
0.02451
0.00030
0.00013
0.01647
0.38281
0.00003
0.00011
0.07373
0.00772
0.05567
0.19389
0.00791
0.66918
0.00024
0.00100
0.00167
0.03853
0.00395
0.18059
0.00201
0.00135
0.00677
0.00167
0.00108
0.34259
0.03334
0.00075
0.01955
0.00000
0.00014
0.00658
0.00006
0.00309
0.00001
0.24186
0.01589
1.00941
0.01161
0.05566
0.21536
0.00412
0.10240
0.00196
0.00007
0.15659
2.60944
0.00367
0.00583
0.00073
0.06380
0.00271
0.00072
0.00060
0.00400
0.00080
0.00063
0.01534
0.15395
0.01677
0.00194
0.16813
