0.67474
5.88469
5.56086
3.09443
0.85452
1.21563
1.09608
0.76119
0.72582
0.75000
0.75465
0.86142
0.64603
0.75329
0.79246
0.84157
0.73675
0.68045
1.21862
0.77533
0.75772
0.77850
0.80653
0.69792
0.81973
0.74901
0.74927
0.68347
0.72177
0.70322
0.80268
0.76314
0.71503
0.69334
0.70818
0.70669
0.74551
0.68976
0.69879
0.75818
0.78112
0.64587
0.66225
0.73766
0.65593
0.89100
0.76736
0.73420
0.71897
0.70229
0.70608
0.68497
0.67576
0.71008
0.70363
0.70767
0.69735
0.71677
0.70065
0.70773
0.69892
0.70959
0.69046
0.67908
0.66723
0.69415
0.76413
0.73056
0.71655
0.68795
0.67741
0.70293
0.69038
0.70454
0.68460
0.69335
0.68643
0.68109
0.71283
0.70394
0.69959
0.68930
0.69506
0.72273
0.67985
0.64374
0.65384
0.77329
0.82309
0.75415
0.67022
0.67395
0.67130
0.69794
0.70011
0.69281
0.69111
0.69424
0.69533
0.69035
0.67079
0.65823
0.71817
0.73173
0.74203
0.69047
0.70607
0.69858
0.70963
0.71625
0.70110
0.68917
0.69449
0.69480
0.68858
0.68004
0.68789
0.68689
0.68029
0.69052
0.68245
0.68740
0.67727
0.71722
0.70201
0.69217
0.68729
0.66757
0.69009
0.71389
0.69200
0.69082
0.66982
0.66833
0.65303
0.67819
0.68296
0.72115
0.79506
0.73449
0.69446
0.69154
0.68221
0.68362
0.71328
0.70178
0.70241
0.68587
0.68782
0.68585
0.66576
0.67475
0.66325
0.68791
0.68423
0.69171
0.68085
0.66993
0.67730
0.70063
0.71973
0.70169
0.68858
0.68427
0.68896
0.68053
0.67414
0.68374
0.68412
0.68285
0.67480
0.71278
0.70092
0.67183
0.69875
0.70662
0.70101
0.67228
0.66946
0.67317
0.68054
0.68864
0.69409
0.69977
0.69690
0.69351
0.71469
0.69738
0.70126
0.66741
0.67682
0.67661
0.67533
0.65532
0.66806
0.70149
0.70877
0.70323
0.70573
0.69698
0.70727
0.62595
0.60432
0.58820
0.69438
0.72921
0.73014
0.68163
0.67432
0.65947
0.63183
0.64265
0.63854
0.75994
0.73742
0.72973
0.68474
0.69591
0.69632
0.69126
0.69285
0.70282
0.69470
0.69471
0.67661
0.66094
0.66057
0.64342
0.78159
0.76042
0.77051
0.67042
0.65866
0.66152
0.66481
0.67366
0.67136
0.64950
0.65008
0.64925
0.70456
0.70041
0.70713
0.67569
0.68293
0.67618
0.71165
0.71122
0.70257
0.65921
0.65932
0.66273
0.63886
0.64136
0.60700
0.61122
0.58987
0.56929
1.06687
0.90502
0.80927
0.74944
0.71561
0.71239
0.69124
0.68325
0.68623
0.65529
0.65942
0.63142
0.79686
0.76039
0.72640
0.71428
0.70591
0.69974
0.66542
0.67895
0.67094
0.67427
0.67198
0.66975
0.68365
0.68377
0.68507
0.71339
0.71025
0.70876
0.67436
0.67306
0.68128
0.70590
0.70421
0.69528
0.74111
0.72967
0.71433
0.71045
0.71604
0.71676
0.69155
0.68805
0.68918
0.67837
0.68522
0.67976
0.67204
0.66953
0.66960
0.67950
0.68071
0.67976
0.69166
0.69306
0.69622
0.71758
0.71771
0.71811
0.68413
0.68466
0.68572
0.70915
0.70749
0.70997
0.69219
0.69441
0.69508
0.68334
0.68729
0.68671
0.67259
0.66949
0.66964
0.67798
0.66984
0.67787
0.70491
0.70349
0.70510
0.68731
0.68482
0.69209
0.65403
0.65619
0.64726
0.63580
0.63506
0.62251
0.76425
0.72961
0.71213
0.66825
0.66232
0.66235
0.70444
0.70305
0.70551
0.68334
0.68138
0.68004
0.67863
0.67996
0.68124
0.70384
0.69733
0.68399
0.65264
0.63408
0.61386
0.72937
0.73696
0.73256
0.90521
0.75012
0.69888
0.67509
0.66837
0.66949
0.66958
0.67088
0.66451
0.64255
0.64039
0.63913
0.68548
0.68761
0.68552
0.71165
0.71207
0.71201
0.71193
0.71129
0.71237
0.60385
0.60376
0.60226
0.68512
0.68590
0.68570
0.68378
0.68406
0.68308
0.66866
0.66895
0.66968
0.66836
0.66865
0.66839
0.65251
0.65096
0.65137
0.70947
0.71114
0.71005
0.75652
0.75634
0.75114
0.71541
0.71597
0.71578
0.66929
0.67011
0.67078
0.69944
0.69911
0.69938
0.72592
0.72571
0.72598
0.68237
0.68228
0.68286
0.71175
0.71241
0.71165
0.68544
0.68555
0.68810
0.69394
0.69028
0.69025
0.67274
0.67368
0.67134
0.73007
0.72809
0.72824
0.66101
0.66567
0.66511
0.70545
0.69860
0.69937
0.67810
0.67454
0.65653
0.74870
0.75371
0.75308
0.69452
0.69534
0.69645
0.71827
0.71475
0.71607
0.69438
0.69505
0.69335
0.70247
0.70265
0.70295
0.65696
0.65915
0.65711
0.65143
0.65368
0.65280
0.69544
0.69583
0.69777
0.65162
0.64928
0.65113
0.70563
0.70804
0.70761
0.66209
0.66110
0.66077
0.67122
0.67473
0.67374
0.68550
0.68563
0.68319
0.64339
0.64445
0.64359
0.65537
0.65344
0.65303
0.67242
0.66307
0.65944
0.62745
0.63087
0.63609
0.68002
0.68490
0.68436
0.72196
0.72115
0.72406
0.70246
0.70031
0.69828
0.69108
0.68799
0.68802
0.65037
0.66309
0.68638
0.67347
0.66756
0.66864
0.64822
0.65852
0.64488
0.68302
0.67435
0.67454
0.66705
0.67052
0.67648
0.66936
0.68245
0.68161
0.70861
0.69805
0.70380
0.61869
0.56005
0.52369
1.42343
0.85330
0.72102
0.64225
0.67966
0.69712
0.68586
0.68832
0.69342
0.71379
0.71224
0.69706
0.70536
0.70878
0.70597
0.70063
0.69793
0.69722
0.68583
0.68927
0.68726
0.67461
0.67311
0.66443
0.67834
0.67721
0.64700
0.67534
0.67007
0.67148
0.68171
0.68386
0.67825
0.68073
0.67720
0.68196
0.69878
0.69683
0.69298
0.61798
0.61815
0.61401
0.72304
0.72659
0.72449
0.73864
0.73852
0.73472
0.66000
0.65952
0.65669
0.68322
0.68432
0.68360
0.68417
0.68437
0.68532
0.68470
0.68464
0.68546
0.70165
0.69959
0.69809
0.72635
0.72322
0.72289
0.65735
0.65859
0.65861
0.67413
0.67576
0.66843
0.70742
0.70621
0.70734
0.68459
0.68127
0.68152
0.71407
0.71211
0.71823
0.67068
0.66657
0.66418
0.68051
0.67870
0.67822
0.70001
0.69952
0.69952
0.65844
0.65768
0.65624
0.68549
0.68512
0.68609
0.67176
0.67130
0.67160
0.73347
0.73214
0.72925
0.65705
0.65824
0.65719
0.67061
0.67037
0.67018
0.66963
0.66874
0.66903
0.74316
0.74310
0.74236
0.65754
0.65702
0.65559
0.68382
0.68362
0.68430
0.66841
0.66889
0.67103
0.70953
0.70709
0.70742
0.68507
0.68301
0.68155
0.67380
0.67300
0.67434
0.66454
0.66585
0.66606
0.67122
0.66987
0.67116
0.68575
0.68515
0.68690
0.68062
0.68254
0.68217
0.68493
0.68257
0.68255
0.72232
0.72572
0.71755
0.69944
0.69027
0.67986
0.70646
0.72448
0.72576
0.70961
0.68939
0.68652
0.66542
0.65553
0.66085
0.72573
0.73181
0.72438
0.67283
0.68184
0.68184
0.67770
0.66978
0.66988
0.67088
0.66974
0.66917
0.70175
0.70204
0.70006
0.68479
0.68382
0.68533
0.68489
0.68463
0.68347
0.73077
0.72865
0.72907
0.68473
0.68447
0.68412
0.68614
0.68598
0.68666
0.66718
0.66655
0.66650
0.63834
0.63770
0.63764
0.65071
0.65029
0.65000
0.70401
0.70395
0.70355
0.68277
0.68221
0.68182
0.71496
0.71554
0.71266
0.63222
0.63350
0.63228
0.64418
0.64160
0.64192
0.70327
0.70176
0.70421
0.66101
0.65924
0.65764
0.67051
0.66761
0.66940
0.68733
0.68678
0.68573
0.66341
0.66497
0.66583
0.70294
0.70281
0.70092
0.70641
0.70684
0.70647
0.74586
0.74206
0.74383
0.60808
0.61100
0.60772
0.68616
0.68479
0.68059
0.68521
0.68786
0.68243
0.57209
0.57496
0.56756
0.70377
0.70800
0.70567
0.68663
0.69227
0.68789
0.75176
0.73665
0.72922
0.70515
0.70273
0.68836
0.72440
0.70104
0.68405
0.72334
0.71975
0.72096
0.69097
0.69189
0.69859
0.66142
0.66429
0.66439
0.70975
0.70550
0.70292
0.67803
0.67056
0.67200
0.64013
0.64323
0.64953
0.67039
0.67028
0.68001
0.71042
0.71271
0.71754
0.64127
0.64301
0.64072
0.68456
0.68348
0.68371
0.66838
0.66819
0.66729
0.66773
0.66545
0.66515
0.70849
0.70701
0.70747
0.72716
0.72692
0.72585
0.70373
0.70049
0.69751
0.67981
0.68087
0.68228
0.68410
0.68608
0.68901
0.63288
0.63557
0.63375
0.66432
0.66435
0.66132
0.69422
0.68661
0.68494
0.64958
0.65396
0.64702
0.67360
0.66291
0.65380
0.68943
0.66389
0.63310
0.92396
0.86700
0.73147
0.69129
0.66623
0.66338
0.68257
0.68032
0.68621
0.74686
0.74462
0.74013
0.70353
0.69995
0.70181
0.62441
0.62705
0.62615
0.72969
0.73059
0.73125
0.63545
0.63757
0.63511
0.68186
0.67855
0.67641
0.70637
0.70548
0.70709
0.74133
0.73480
0.73230
0.68270
0.68281
0.68943
0.66831
0.66854
0.67205
0.70339
0.69866
0.69755
0.66197
0.66490
0.66298
0.68510
0.68025
0.68182
0.67130
0.66814
0.66340
0.70844
0.72820
0.71098
0.67709
0.67947
0.67689
0.63951
0.63738
0.63784
0.65287
0.64717
0.64748
0.68247
0.68296
0.68323
0.70445
0.70891
0.70231
0.72862
0.72999
0.72298
0.60507
0.60735
0.60568
0.73852
0.73763
0.73484
0.71896
0.72239
0.71599
0.73459
0.73644
0.72927
0.65855
0.66620
0.66205
0.67760
0.66267
0.65984
0.72463
0.72950
0.71930
0.69535
0.68484
0.68767
0.69299
0.69825
0.69597
0.68509
0.68379
0.68047
0.68489
0.68187
0.68354
0.67994
0.67834
0.67949
0.68506
0.67888
0.67206
0.66155
0.65734
0.65549
0.69681
0.69078
0.69213
0.63706
0.62848
0.63550
0.70394
0.69935
0.70188
0.71012
0.70502
0.71168
0.73840
0.73308
0.72844
0.69257
0.69511
0.68843
0.67439
0.68418
0.68562
0.66498
0.66378
0.66954
0.63490
0.63485
0.62023
0.67042
0.66305
0.66010
0.71441
0.71832
0.69578
0.58787
0.59650
0.58431
0.68452
0.66708
0.69340
0.70103
0.68726
0.68481
0.67108
0.65035
0.63958
0.61538
0.63942
0.61092
0.68214
0.65523
0.66960
0.60221
0.61143
0.59210
0.58036
0.57063
0.52830
0.74654
1.17814
0.44866
1.29005
0.91430
0.67588
0.70085
0.70360
0.70494
0.69110
0.70232
0.69520
0.69806
0.69993
0.69856
0.69154
0.68882
0.68543
0.70881
0.67574
0.65042
0.63620
0.62211
0.64885
1.04310
0.75713
0.72163
0.68001
0.68103
0.68493
0.73743
0.73789
0.73537
0.70201
0.70138
0.70097
0.68308
0.68677
0.68731
0.69629
0.68662
0.68264
0.73363
0.72873
0.72096
0.69299
0.68026
0.67565
0.66298
0.66080
0.65625
0.69072
0.69212
0.69372
0.61689
0.61525
0.61229
0.63455
0.63258
0.63028
0.70864
0.70458
0.70678
0.63821
0.63709
0.63818
0.68146
0.68185
0.68107
0.70148
0.70305
0.70167
0.66927
0.66851
0.66672
0.75010
0.74824
0.74396
0.70823
0.70721
0.70472
0.66100
0.66275
0.66262
0.74284
0.74020
0.72656
0.67063
0.66746
0.66825
0.68873
0.68661
0.67663
0.63466
0.62848
0.62772
0.61712
0.60076
0.56773
0.72365
0.76523
0.77104
0.85773
0.73828
0.70431
0.70983
0.69381
0.68076
0.65947
0.65963
0.65817
0.70218
0.70178
0.70345
0.68081
0.67719
0.67831
0.66325
0.66312
0.66346
0.72247
0.72047
0.71841
0.61536
0.61457
0.61358
0.66264
0.66230
0.66440
0.67879
0.67927
0.67782
0.69451
0.69589
0.69302
0.75115
0.74517
0.73315
0.66185
0.66312
0.66197
0.71046
0.70822
0.70878
0.69010
0.69063
0.69106
0.71708
0.71124
0.71092
0.66768
0.67258
0.67385
0.70566
0.72127
0.69444
0.76493
0.76022
0.70376
0.69020
0.69938
0.69793
0.67235
0.67313
0.66856
0.70943
0.70818
0.70687
0.62941
0.63172
0.62823
0.71574
0.71580
0.71753
0.66857
0.66632
0.66432
0.69053
0.69009
0.68661
0.67079
0.66585
0.66870
0.64619
0.64772
0.64404
0.67635
0.67860
0.68009
0.68232
0.68293
0.68593
0.67904
0.68184
0.67621
0.69664
0.69695
0.69245
0.61105
0.61857
0.60365
0.63544
0.63330
0.63070
0.75055
0.72047
0.72332
0.71728
0.69336
0.71586
0.71889
0.70129
0.69283
0.68770
0.65797
0.62798
0.65789
0.65803
0.65812
0.70240
0.69877
0.69747
0.71877
0.71713
0.71560
0.62821
0.62843
0.62670
0.70729
0.70813
0.70866
0.70043
0.70160
0.70332
0.70685
0.70188
0.69915
0.67538
0.67083
0.67312
0.64638
0.64236
0.63765
0.74390
0.74990
0.74749
0.60142
0.59969
0.59586
0.68697
0.68721
0.68815
0.69638
0.69446
0.69457
0.69673
0.69262
0.68521
0.61859
0.61049
0.60816
0.66752
0.66520
0.66223
0.60954
0.60833
0.59982
0.70715
0.70403
0.69347
0.59985
0.58958
0.58914
0.78802
0.76224
0.73101
0.65779
0.66834
0.67072
0.65186
0.65730
0.65187
0.66360
0.65902
0.64858
0.76672
0.77027
0.73517
0.68273
0.68735
0.68262
0.71807
0.71980
0.71012
0.69020
0.68736
0.68902
0.71248
0.69900
0.69572
0.71104
0.69911
0.70885
0.65676
0.62977
0.65594
0.64150
0.66660
0.64581
0.64023
0.64706
0.70634
0.83926
0.65556
0.66880
0.69073
0.67660
0.67615
0.69351
0.70660
0.70399
0.67739
0.71300
0.66083
0.63547
0.67175
0.64745
0.67129
0.63268
0.60319
0.70868
0.67734
0.62295
0.65683
0.64007
0.67954
0.63477
0.63872
0.68215
0.68139
0.64648
0.62604
0.61167
0.63093
0.56800
0.71976
0.71877
0.75270
0.68617
0.69125
0.66391
0.62628
0.66596
0.61979
0.65630
0.61316
0.62709
0.66849
0.69916
0.59676
0.67519
0.66573
0.68807
0.55757
0.55563
0.53889
0.69449
0.73139
0.73424
0.44807
0.42992
0.42523
0.69188
0.60540
0.61850
0.66908
0.60092
0.59124
0.68060
0.66802
0.66073
0.80052
0.76625
0.73501
0.67259
0.68159
0.68892
0.70138
0.69072
0.69627
0.70130
0.69852
0.70849
0.70285
0.69882
0.68636
0.66459
0.66080
0.66584
0.71019
0.71085
0.71064
0.69702
0.69805
0.69447
0.68232
0.67968
0.67160
0.70565
0.70869
0.70811
0.67106
0.66457
0.66183
0.62463
0.61965
0.60638
0.66788
0.66536
0.61817
0.56487
0.58692
0.55929
0.85240
0.68950
0.73743
0.61970
0.61538
0.61970
0.65058
0.66411
0.67395
0.63865
0.63534
0.63962
0.67733
0.67960
0.68090
0.65438
0.65209
0.62280
0.81199
0.73839
0.70407
0.65812
0.65513
0.66246
0.63911
0.62168
0.57707
0.62138
0.64388
0.65908
0.66894
0.65680
0.65939
0.70612
0.67455
0.67113
0.86445
0.66366
0.64984
0.64784
0.63332
0.63073
0.66304
0.67165
0.66946
0.66004
0.66179
0.65936
0.66526
0.66289
0.65641
0.66510
0.66433
0.65270
0.72358
0.72839
0.72189
0.69310
0.67654
0.68573
0.77758
0.77909
0.75469
0.69766
0.68898
0.68051
0.62699
0.64559
0.66008
0.61336
0.61262
0.58252
0.63107
0.61438
0.53271
0.86578
0.77918
0.59087
0.57878
0.58792
0.56714
0.58568
0.70963
0.60785
0.64064
0.64950
0.62351
0.65991
0.66566
0.65574
0.60875
0.59807
0.60627
0.67931
0.67607
0.66719
0.72176
0.67932
0.66124
0.63678
0.63436
0.63053
0.68159
0.68228
0.67663
0.68718
0.68662
0.68900
0.76505
0.76012
0.74347
0.65078
0.65746
0.65900
0.67815
0.68056
0.67847
0.66577
0.66561
0.66446
0.72305
0.71563
0.71210
0.66266
0.67665
0.66129
0.70466
0.69435
0.68984
0.68318
0.69079
0.68319
0.68806
0.68713
0.68610
0.64591
0.64404
0.64679
0.68216
0.68166
0.68386
0.66636
0.66660
0.66797
0.69007
0.68848
0.68441
0.66050
0.66378
0.66466
0.68385
0.68159
0.67710
0.68153
0.67597
0.67050
0.67231
0.67701
0.67498
0.71941
0.72205
0.71370
0.67970
0.67616
0.67414
0.68859
0.66870
0.69019
0.68500
0.69515
0.68467
0.68887
0.68249
0.69428
0.68806
0.70633
0.71199
0.66784
0.66985
0.67662
0.68846
0.68605
0.68016
0.70551
0.70131
0.69673
0.68157
0.68015
0.68464
0.65594
0.64890
0.64851
0.63658
0.63285
0.62534
0.69063
0.69993
0.69209
0.74442
0.75253
0.74304
0.66794
0.67140
0.67648
0.70763
0.70666
0.69886
0.62710
0.63453
0.62888
0.67756
0.67376
0.67159
0.68950
0.69550
0.69169
0.68797
0.69904
0.69173
0.71726
0.71290
0.71338
0.70036
0.69881
0.69111
0.64802
0.64629
0.64730
0.67110
0.64988
0.66892
0.66839
0.66878
0.66227
0.65772
0.64459
0.63661
0.64155
0.62059
0.60857
0.72540
0.71099
0.66978
0.66910
0.65170
0.66683
0.69592
0.63435
0.63276
0.58691
0.59814
0.61775
0.66632
0.68534
0.65547
0.66269
0.60932
0.56647
0.59598
0.58002
0.58009
0.77885
0.75989
0.69419
0.70002
0.68335
0.67465
0.67245
0.66871
0.66783
0.63807
0.64373
0.63251
0.68155
0.66156
0.65164
0.72678
0.72727
0.72623
0.66625
0.64468
0.62900
0.62335
0.63221
0.64010
0.55936
0.49636
0.44963
0.92196
0.99397
0.74812
0.75989
0.73496
0.68687
0.64053
0.65127
0.65558
0.77216
0.77752
0.76344
0.63944
0.65413
0.64272
0.67229
0.68440
0.68230
0.63239
0.63443
0.63504
0.70711
0.69550
0.70066
0.72149
0.71859
0.71507
0.71716
0.71639
0.71383
0.65408
0.64651
0.65014
0.62919
0.64705
0.61972
0.64074
0.63342
0.64722
0.61597
0.61855
0.60543
0.60067
0.59765
0.59092
0.62533
0.66848
0.65255
0.59276
0.61177
0.61583
0.72551
0.55537
0.49928
0.89231
0.68381
0.62118
0.56491
0.55674
0.61287
0.77078
0.73101
0.73025
0.65105
0.66591
0.67012
0.65688
0.67158
0.67862
0.70261
0.68220
0.60054
0.71224
0.71433
0.72054
0.66741
0.68802
0.66686
0.87039
0.78832
0.69187
0.64319
0.62194
0.60862
0.61674
0.60117
0.63094
0.65721
0.61997
0.62300
0.68740
0.71216
0.73200
0.60436
0.62317
0.61759
0.66784
0.66458
0.66073
0.62743
0.63394
0.60981
0.59440
0.56308
0.66614
0.80588
0.76620
0.72820
0.53024
0.48951
0.52822
0.57268
0.67866
0.53421
0.66585
0.58553
0.67830
0.61766
0.68759
0.61636
0.62352
0.56760
0.63622
0.71616
0.80554
0.82873
0.56719
0.59918
0.57941
0.58721
0.56981
0.55011
0.64158
0.64465
0.61024
0.74395
0.79282
0.73192
0.65817
0.70843
0.65266
0.61534
0.62382
0.72864
0.65570
0.62633
0.61316
0.62791
0.61156
0.56071
0.58615
0.60839
0.51312
0.73543
0.76884
0.81646
0.50640
0.47396
0.58339
0.56180
0.62626
0.61205
0.53611
0.56285
0.54256
0.73638
0.69646
0.70978
0.74916
0.64825
0.73474
0.43702
0.49370
0.46071
0.87950
0.81604
0.68042
0.59771
0.61324
0.64473
0.71577
0.71385
0.71704
0.57473
0.59153
0.61716
0.47775
0.50075
0.45589
0.62602
0.62872
0.57196
0.62942
0.50606
0.47587
0.50015
0.46965
0.50773
0.73485
0.90486
1.19636
0.54323
0.87430
0.63871
0.61497
0.62212
0.63323
0.63306
0.61658
0.66145
0.75576
0.74987
0.71571
0.70248
0.68075
0.70766
0.63047
0.59636
0.62906
0.65073
0.65033
0.58609
0.70528
0.62739
0.65671
0.70529
0.67928
0.63709
0.73631
0.73807
0.71514
0.65007
0.66375
0.64185
0.68111
0.67156
0.67944
0.66243
0.61980
0.60756
0.54748
0.60394
0.53872
0.58886
0.55947
0.56392
0.61172
0.59347
0.48726
0.75218
0.71029
0.67704
0.65837
0.67220
0.64660
0.53628
0.58316
0.52956
0.57530
0.67566
0.74806
0.59967
0.59163
0.78648
0.78342
0.80022
0.58170
0.52529
0.54595
0.53198
0.53431
0.60405
0.58395
0.72551
0.70844
0.60731
0.47920
0.59588
0.57486
0.58276
0.50291
0.47775
0.59719
0.85171
0.48971
0.52405
0.56169
0.58564
0.63246
0.58176
0.70504
0.73079
0.72589
0.77965
0.60132
0.63709
0.60099
0.56077
0.53953
0.51572
0.62989
0.54658
0.42448
0.33431
0.54278
0.32843
1.08728
1.02634
0.76560
0.53026
0.60946
0.60232
0.67806
0.69921
0.67593
0.68208
0.69212
0.66880
0.74008
0.71136
0.70529
0.69473
0.72670
0.68096
0.68892
0.71483
0.70769
0.73085
0.71652
0.71896
0.70229
0.69225
0.69319
0.71455
0.70995
0.70928
0.69611
0.69616
0.68271
0.70046
0.68711
0.70433
0.68213
0.73052
0.71987
0.69557
0.68415
0.68686
0.69489
0.68456
0.68762
0.67981
0.68061
0.67647
0.69391
0.69450
0.69023
0.69355
0.69650
0.68858
0.74049
0.73355
0.72855
0.67867
0.67524
0.67572
0.66512
0.67195
0.66338
0.69056
0.70110
0.68563
0.67873
0.68194
0.68465
0.68709
0.67137
0.66844
0.66192
0.65938
0.64953
0.65660
0.66390
0.65571
0.68569
0.67764
0.67570
0.72132
0.70341
0.70284
0.58502
0.58810
0.59207
0.73484
0.73834
0.71832
0.67967
0.69425
0.67630
0.56039
0.57996
0.55160
0.64337
0.64172
0.61958
0.69014
0.63020
0.66495
0.66565
0.60968
0.66574
0.66176
0.65506
0.67395
0.58835
0.58021
0.62646
0.65545
0.56002
0.58636
0.35746
0.41074
0.39965
0.51843
0.48835
0.63373
0.51962
0.48445
0.50549
0.55299
0.68600
0.60041
0.57682
0.59308
0.54245
0.81723
1.02178
0.88887
0.62244
0.60942
0.63581
0.54376
0.52013
0.54998
0.64284
0.62987
0.62672
0.74558
0.71841
0.69569
0.64313
0.63909
0.60474
0.62693
0.56493
0.59181
0.88409
0.64869
0.68290
0.57908
0.52298
0.54056
0.71822
0.82798
0.71509
0.58155
0.59777
0.57511
0.64768
0.59687
0.64451
0.60959
0.62595
0.61736
0.58529
0.55813
0.57482
0.60132
0.67482
0.57612
0.56488
0.58469
0.56483
0.80459
0.60921
0.58158
0.59018
0.66927
0.57082
0.56117
0.50660
0.50441
0.41097
0.85843
0.33170
0.66177
0.71734
0.64062
0.54597
0.53240
0.46509
0.52654
0.48525
0.56012
0.59543
0.54605
0.56323
0.61528
0.48801
0.56820
0.80753
0.67183
0.36856
1.66920
0.87878
0.88402
0.56981
0.52612
0.53190
0.60393
0.60981
0.59316
0.65273
0.63168
0.62465
0.74750
0.70993
0.70899
0.66747
0.66789
0.65980
0.73541
0.76457
0.72194
0.66980
0.64897
0.65046
0.69737
0.68774
0.68128
0.68861
0.68066
0.66464
0.71922
0.73157
0.71878
0.70503
0.70998
0.69549
0.68658
0.66981
0.69405
0.71755
0.69974
0.70186
0.68628
0.69291
0.69451
0.67176
0.67094
0.66183
0.70243
0.70514
0.70271
0.66958
0.66049
0.65540
0.67912
0.65319
0.64599
0.75165
0.73301
0.71548
0.67708
0.67350
0.67710
0.71249
0.71140
0.71152
0.68143
0.67931
0.67185
0.66950
0.67767
0.67980
0.70567
0.70900
0.70006
0.70517
0.70635
0.70153
0.69318
0.69293
0.68864
0.67849
0.69327
0.67631
0.68551
0.66574
0.65956
0.84016
0.77820
0.70706
0.65087
0.63880
0.61187
0.64019
0.64161
0.63104
0.74441
0.73268
0.71800
0.66601
0.67257
0.65888
0.64948
0.64638
0.60210
0.69109
0.69495
0.70039
0.66691
0.66924
0.60552
0.61509
0.59151
0.56797
0.72021
0.67575
0.71511
0.48841
0.50296
0.49086
0.59503
0.58879
0.60174
0.88876
0.75130
0.66447
0.63660
0.69726
0.65802
0.64136
0.65596
0.67028
0.66335
0.67181
0.64755
0.67508
0.67581
0.72316
0.60339
0.60731
0.59507
0.59986
0.58939
0.59654
0.72093
0.71185
0.70248
0.66612
0.67289
0.66317
0.69227
0.67173
0.67927
0.69853
0.70259
0.67473
0.69400
0.66645
0.67343
0.70094
0.69453
0.67946
0.67018
0.63383
0.63190
0.67249
0.69161
0.68659
0.68876
0.61446
0.62774
0.64170
0.61495
0.65864
0.57010
0.62204
0.63951
0.57843
0.58860
0.45340
0.90050
0.76337
0.84203
0.76087
0.54970
0.61092
0.58185
0.59090
0.66532
0.70714
0.65256
0.59316
0.65534
0.67113
0.62050
0.64702
0.62175
0.62126
0.67176
0.64803
0.67811
0.72017
0.65639
0.66816
0.65639
0.65526
0.62807
0.65189
0.70034
0.65201
0.56816
0.57033
0.57989
0.64396
0.69248
0.70662
0.67234
0.59443
0.57780
0.51182
0.52322
0.52670
0.54571
0.49036
0.65354
0.54589
0.58613
0.59664
0.52123
0.55021
0.53243
0.59735
0.53813
0.47622
0.48549
0.64264
0.49446
0.74320
0.51109
0.56058
0.61839
0.61827
0.57507
0.46933
0.49247
0.56784
0.48769
0.61455
0.63287
0.61768
0.65496
0.55897
0.60458
0.51201
0.52431
0.81148
0.57093
0.93371
0.79045
0.58802
0.50664
0.62010
0.84248
0.76912
0.77922
0.72105
0.74692
0.64506
0.66406
0.70152
0.63490
0.63006
0.65990
0.59278
0.58737
0.57965
0.68442
0.63440
0.66699
0.53910
0.52899
0.51628
0.53946
0.48536
0.54416
0.53463
0.62086
0.39502
0.71570
0.67405
0.72211
0.52938
0.59741
0.52743
0.57549
0.52218
0.55654
0.51139
0.71002
0.65381
0.46474
0.53658
0.55132
0.63723
0.61572
0.62443
0.57227
0.59659
0.55292
0.67976
0.63402
0.70002
0.66854
0.59383
0.53323
0.57408
0.55523
0.48872
0.58941
0.63259
0.85871
0.74168
0.74022
0.97270
0.50957
0.64809
0.67552
0.65957
0.74639
0.61747
0.68697
0.70889
0.72321
0.72949
0.73797
0.72811
0.67553
0.66255
0.65085
0.70559
0.70138
0.71021
0.71411
0.70232
0.67294
0.65575
0.65793
0.64079
0.60974
0.58332
0.57281
0.60320
0.58292
0.58187
0.70799
0.64498
0.63566
0.55573
0.60328
0.58801
0.59975
0.59973
0.56785
0.67126
0.70179
0.62957
0.54441
0.55187
0.45998
0.68394
0.49612
0.56191
0.41841
0.40045
0.43105
1.02987
0.53268
0.68674
0.49656
0.67283
0.69589
0.79678
0.73170
0.70445
0.67574
0.57157
0.52849
0.58292
0.53576
0.58220
0.65777
0.65547
0.58215
0.58364
0.56461
0.61556
0.55615
0.53472
0.53386
0.47846
0.48179
0.46204
0.76272
0.60487
0.77762
0.50572
0.63353
0.62192
0.63742
0.51115
0.59359
0.56647
0.62812
0.48445
0.50025
0.53228
0.42419
0.59915
0.44183
0.63687
0.49293
0.74637
0.49998
0.57146
0.76557
0.55245
0.56862
0.59185
0.60159
0.65667
0.68574
0.65051
0.62719
0.60915
0.59503
0.63805
0.56228
0.57188
0.70865
0.70400
0.68646
0.64420
0.67333
0.59159
0.55518
0.66044
0.66704
0.62798
0.66915
0.65271
0.59518
0.60947
0.53794
0.78101
0.88859
0.67963
0.66457
0.60055
0.57331
0.60820
0.64748
0.59242
0.54385
0.60924
0.55617
0.45954
0.48985
0.43309
0.57776
0.56112
0.87855
0.96059
0.58967
0.56094
0.43987
0.54020
0.51585
0.57529
0.59383
0.55024
0.62189
0.60764
0.67759
0.51715
0.56478
0.49682
0.58392
0.53348
0.53385
0.56531
0.69294
0.47262
0.59290
0.48826
0.58855
0.49410
0.48158
0.45747
0.66382
0.61210
0.69477
0.58624
0.56999
0.57266
0.59416
0.60967
0.62273
0.68185
0.59434
0.66199
0.53664
0.60901
0.54650
0.66531
0.72199
0.72041
0.54218
0.39780
0.44016
0.54427
0.70713
0.56031
0.37541
0.38607
0.36679
0.46892
0.48430
0.56431
0.66712
0.68827
0.68112
0.34544
0.37556
0.40405
0.54721
0.40457
0.44993
0.53345
0.52950
0.65386
0.49354
0.45821
0.47529
0.49563
0.54129
0.41499
0.49559
0.43674
0.43363
0.96234
0.44589
0.52332
0.40551
0.43743
0.51311
0.61859
0.53526
0.61615
0.52430
0.64892
0.52756
0.40820
0.41301
0.35814
0.51725
0.47585
0.50064
0.51107
0.67608
0.61221
0.63821
0.69075
0.53889
0.61019
0.62791
0.53882
0.43501
0.42212
0.41238
0.47326
0.50776
0.52702
0.61370
0.41923
0.60108
0.69833
0.72735
0.75898
0.65905
0.61454
0.55955
0.49257
0.49262
0.44724
0.64574
0.66754
0.51649
0.45105
0.41977
0.29876
0.47541
0.53496
0.31550
0.75870
1.03038
0.55466
0.50469
0.50204
0.45584
0.51258
0.47487
0.42150
0.71435
0.70673
0.74956
0.56431
0.69519
0.55061
0.48271
0.44302
0.45859
0.40565
0.53672
0.58016
0.51164
0.37211
0.35849
0.47617
0.59946
0.48663
0.39228
0.35372
0.29249
0.33145
0.51345
0.38293
0.76907
0.59829
0.56238
0.63077
0.84171
0.63636
0.56941
0.58414
0.59589
0.78755
0.74779
0.75589
0.51956
0.54127
0.59446
0.66192
0.60500
0.65627
0.56408
0.59857
0.56138
0.55275
0.48851
0.51246
0.63298
0.56513
0.59672
0.43861
0.48315
0.45323
0.48690
0.52617
0.28846
0.26020
0.29498
0.36813
0.48882
0.64573
0.64885
0.39033
0.30597
0.30202
0.36679
0.38920
0.43691
0.64363
0.31137
0.43103
0.48779
0.41719
0.38685
0.38609
0.36132
0.39601
0.69753
0.67280
0.31699
0.56125
0.49565
0.42632
0.70409
0.47781
0.52182
0.41263
0.47961
0.39639
0.49649
0.48326
0.44015
0.50894
0.49057
0.46969
0.41676
0.45992
0.60151
0.40441
0.58979
0.51752
0.48002
0.63616
0.57916
0.49709
0.58249
0.42536
0.68700
0.53815
0.63159
0.55098
0.50292
0.43588
0.42493
0.56606
0.41434
0.48098
0.60427
0.24501
0.44813
0.37676
0.58019
1.56663
1.16300
0.51823
0.59089
0.59134
0.68156
0.58896
0.52021
0.52074
0.62760
0.51897
0.47398
0.74432
0.60141
0.60697
0.60962
0.65666
0.66191
0.71288
0.71385
0.70080
0.70219
0.70747
0.68707
0.68261
0.67496
0.70753
0.68882
0.69122
0.70091
0.72141
0.65441
0.66251
0.65728
0.65861
0.62247
0.86512
0.76098
0.71320
0.68121
0.68101
0.67722
0.66097
0.66476
0.64750
0.70737
0.69795
0.68088
0.68299
0.68862
0.69475
0.70413
0.70927
0.69623
0.70916
0.71003
0.71021
0.67501
0.67716
0.67383
0.66914
0.67028
0.66649
0.62750
0.58634
0.60315
0.57225
0.55829
0.56980
0.80918
0.73573
0.67572
0.69218
0.70036
0.69999
0.68330
0.68386
0.68042
0.68598
0.68886
0.68605
0.67934
0.67686
0.67634
0.68602
0.68526
0.68487
0.77044
0.74062
0.71878
0.67691
0.68134
0.68093
0.67834
0.67726
0.67083
0.69791
0.69926
0.68510
0.62658
0.58877
0.59040
0.78927
0.77603
0.71579
0.70941
0.61142
0.57311
0.73500
0.53193
0.58357
0.57296
0.67962
0.74865
0.64046
0.66657
0.64295
0.64914
0.56060
0.51358
0.61129
0.65216
0.53371
0.55608
0.65954
0.58268
0.78392
0.54608
0.72612
0.65540
0.60108
0.63766
0.58366
0.53135
0.50686
0.47421
0.47669
0.38917
0.64186
0.45880
0.50200
0.22280
0.31319
0.46598
0.68185
0.46022
0.51118
0.62936
0.64723
0.80058
0.40500
0.52972
0.41366
0.45170
0.50793
0.48433
0.44031
0.44866
0.44251
0.42990
0.41630
0.41331
0.57929
0.58326
0.47610
0.37597
0.23631
0.28010
0.33202
0.72617
0.70639
0.52016
0.50659
0.33708
0.48271
0.39168
0.35558
0.50491
0.42382
0.36681
0.72545
0.63712
0.44664
0.49433
0.50619
0.52500
0.49769
0.59138
0.57785
0.68012
0.44003
0.59744
0.35502
0.44182
0.34627
0.59342
0.46400
0.50120
0.45362
0.57192
0.47156
0.46197
0.48916
0.55616
0.32756
0.32925
0.47959
0.54359
0.71958
0.54251
0.43088
0.44924
0.50272
0.71183
0.67934
0.55134
0.62841
0.41228
0.39111
0.39547
0.26668
0.25469
0.27695
0.45253
0.38901
0.46861
0.58335
0.37151
0.50478
0.55183
0.56725
0.62308
0.50413
0.47403
0.48047
0.31473
0.34065
0.57991
0.48183
0.56361
0.38811
0.46843
0.45980
0.36206
0.44504
0.45400
0.34973
0.34762
0.37991
0.43046
0.36437
0.36615
0.49990
0.81233
0.37188
0.36118
0.25419
0.25012
0.22283
0.31899
0.64215
0.91584
0.39897
0.50558
0.32313
0.44131
0.47248
0.29453
0.31542
0.42407
0.25358
0.42466
0.61358
0.30869
0.54364
0.53227
0.49889
0.48816
0.37759
0.28668
0.32349
0.40882
0.39409
0.57336
0.29504
0.51656
0.27235
0.38985
0.37717
0.42669
0.22299
0.69105
0.45336
0.36175
0.33504
0.40128
0.23838
0.43246
0.40097
0.36935
0.47774
0.15952
0.35413
0.54046
0.51113
0.57218
0.57226
0.51699
0.43783
0.41612
0.32727
0.33639
0.39047
0.43455
0.23505
0.35209
0.37394
0.38175
0.40179
0.52963
0.33658
0.19672
0.20800
0.30543
0.20302
0.35273
0.26099
0.29516
0.21760
0.13417
0.16571
0.24408
0.27885
0.45033
0.17027
0.13989
0.21365
0.29749
0.35912
0.17137
0.45510
0.54155
0.89228
0.66856
0.33787
0.74740
0.19023
0.26593
0.74198
0.58002
0.53546
0.41123
0.44574
0.40076
0.37694
0.20992
0.35833
0.66050
0.45013
0.48035
0.57849
0.48721
0.51124
0.39904
0.75462
0.73768
0.40280
0.60854
0.46560
0.53077
0.52846
0.47446
0.38441
0.25577
0.36846
0.37330
0.30858
0.30094
0.70589
0.60499
0.49905
0.67745
0.66422
0.73817
0.54756
0.55324
0.56108
0.45422
0.47422
0.51720
0.58848
0.55960
0.46678
0.50379
0.61582
0.39755
0.39312
0.31516
0.33723
0.39841
0.40621
0.38338
0.41129
0.32305
0.33327
0.38273
0.31779
0.31621
0.19810
0.33749
0.21388
0.37127
0.44859
0.27507
0.30506
0.32014
0.34079
0.30207
0.17640
0.26899
0.23834
0.67229
0.48524
0.66368
0.36222
0.40228
0.30539
0.49592
0.39832
0.33355
0.44900
0.47220
1.16373
0.51207
0.41309
0.33231
0.35790
0.22624
0.43541
0.57308
0.52910
0.50372
0.49156
0.31482
0.30008
0.35234
0.31122
0.32674
0.30789
0.48746
0.14852
0.32989
0.20429
0.17299
0.25551
0.26238
0.31254
0.35159
0.33241
0.33225
0.32430
0.34718
0.40842
0.18675
0.34769
0.37607
0.36627
0.38469
0.43482
0.35675
0.31377
0.70291
0.22184
0.25028
0.28026
0.40669
0.29682
0.42657
0.43031
0.39469
0.67929
0.67547
0.51215
0.24382
0.34469
0.32979
0.86917
0.56129
0.36546
0.29639
0.36173
0.23578
0.33178
0.32727
0.34078
0.40077
0.32922
0.29487
0.62296
0.55609
0.64967
0.92515
0.51273
0.82329
0.59103
0.61835
0.44867
0.60538
0.57295
0.53323
0.54352
0.45009
0.44164
0.45843
0.63208
0.55780
0.43899
0.53889
0.47070
0.51260
0.45751
0.37979
0.22129
0.26452
0.19987
0.10528
0.22381
0.16189
0.27351
0.35874
0.41727
0.19337
0.25241
0.26683
0.63827
0.32656
0.50916
0.36810
0.30079
0.24569
0.21891
0.61788
0.79275
0.50816
0.37834
0.32923
0.32001
0.20593
0.27552
0.25069
0.29863
0.39510
0.15602
0.10493
0.23790
0.53730
0.31203
0.22866
0.45900
0.21090
0.29091
0.25632
0.27401
0.33180
0.29796
0.43731
0.33296
0.14404
0.21055
0.16986
0.31273
0.30796
0.33979
0.29693
0.26118
0.24673
0.22142
0.15376
0.18618
0.19686
0.24411
0.15818
0.38020
0.55683
0.52580
0.34532
0.30331
0.26521
0.48037
0.48025
0.43226
0.21838
0.18619
0.20697
0.10601
0.49513
0.22101
0.19942
0.40657
0.11571
0.27929
0.27732
0.21641
0.11341
0.08827
0.14618
0.33594
0.25317
0.34622
0.59591
0.15746
0.31143
0.30020
0.26420
0.33896
0.28721
0.18194
0.17431
0.25192
0.23345
0.33802
0.42410
0.21265
0.35611
0.07866
0.39161
0.17769
0.35616
0.17810
0.24791
0.29224
0.30168
0.20583
0.15767
0.14343
0.20614
0.39369
0.30340
0.26545
0.26589
0.25642
0.18748
0.17652
0.37874
0.20247
0.19097
0.10260
0.12307
0.44962
0.14208
0.13694
0.43170
0.19438
0.33168
0.21959
0.28367
0.26061
0.28432
0.21496
0.17846
0.05255
0.10555
0.07285
0.14441
0.06661
0.44934
0.14511
0.13319
0.08008
0.16140
0.07447
0.29837
0.05843
0.48095
0.37879
0.32846
0.39716
0.28928
0.49353
0.57794
0.45460
0.38606
0.23907
0.19234
0.27267
0.46663
0.98772
0.26585
0.34211
0.55500
0.99414
0.72068
0.51782
0.51894
0.49887
0.39622
0.42690
0.34033
0.41428
0.44042
0.45634
0.55170
0.34584
0.39879
0.18835
0.24181
0.30328
0.33041
0.37912
0.28214
0.21184
0.30390
0.18529
0.31269
0.31966
0.30899
0.16017
0.12447
0.24245
0.17398
0.18210
0.45951
0.13413
0.25044
0.20072
0.29254
0.26923
0.31476
0.17645
0.16011
0.23468
0.13528
0.22901
0.24705
0.29810
0.15007
0.10916
0.18980
0.27882
0.18349
0.11496
0.10463
0.07793
0.21209
0.29014
0.13850
0.28606
0.23555
0.03695
0.20995
0.03885
0.19303
0.07989
0.02305
0.15991
0.05232
0.33923
0.84176
0.09675
0.12404
0.08283
0.07539
1.60339
0.48580
0.30162
0.40753
0.49836
0.42281
0.81763
0.70636
0.70109
0.61341
0.59728
0.60798
0.57965
0.91647
0.55646
0.56688
0.73678
0.56271
0.59886
0.67221
0.76786
0.83520
0.60823
0.49911
0.74935
0.61983
0.58215
0.61714
0.50250
0.58758
0.38273
0.38562
0.31488
0.47454
0.41384
0.29795
0.51839
0.50257
0.40236
0.35958
0.33691
0.31002
0.82903
0.51663
0.41514
0.42825
0.41509
0.48820
0.30147
0.42501
0.28966
0.42181
0.48250
0.60861
0.43024
0.30484
0.42045
0.37731
0.36925
0.34776
0.26575
0.32882
0.28067
0.21620
0.25472
0.21981
0.23307
0.19342
0.28695
0.23592
0.24597
0.17302
0.19137
0.12721
0.28780
0.08335
0.11616
0.23908
0.36955
0.17038
0.25104
0.31413
0.16661
0.32950
0.15034
0.14316
0.10111
0.33706
0.32691
0.40180
0.29885
0.14825
0.13282
0.22510
0.11453
0.23572
0.16657
0.14385
0.07311
0.11261
0.15439
0.28810
0.08671
0.05639
0.07382
0.10057
0.11226
0.09617
0.40571
0.24834
0.12419
0.30875
0.11349
0.29684
0.01104
0.07861
0.02612
0.15886
0.04261
0.17945
0.15996
0.37227
1.42466
0.17666
0.21852
0.15860
0.35400
0.35625
0.41741
0.30675
0.31593
0.39844
0.36894
0.30935
0.23904
0.31381
0.39616
0.22186
0.24183
0.31591
0.29167
0.30302
0.23910
0.19286
0.14597
0.16221
0.18424
0.21746
0.16365
0.11236
0.08676
0.22580
0.08303
0.17105
0.27033
0.37776
0.17257
0.23940
0.31086
0.09685
0.15314
0.22925
0.05042
0.10624
0.25987
0.00874
0.07447
0.08888
0.05898
0.12108
0.15518
0.07900
0.17210
0.07035
0.05386
0.57273
0.07237
0.65217
0.08074
0.32273
0.14888
0.12924
0.33898
0.25319
0.48528
0.07199
0.06731
0.47497
0.20838
1.43981
0.36191
0.12527
0.44176
0.49565
0.48574
0.09894
0.22409
0.40218
0.47890
0.40089
0.36012
0.31202
0.35952
0.38897
0.31166
0.30770
0.27847
0.43835
0.33278
0.19457
0.11107
0.11599
0.16603
0.43408
0.35961
0.29946
0.07367
0.17093
0.09837
0.06935
0.12713
0.18242
0.80831
0.18436
0.03820
0.15785
0.20640
0.12582
0.13771
0.12782
0.04807
0.04703
0.06463
0.02136
0.06869
0.07584
0.09512
0.53853
0.25890
0.16510
0.18099
0.05706
0.06041
0.22952
0.08042
0.13505
0.06707
0.09130
0.11895
0.21817
0.22165
0.12139
0.46902
0.09611
0.05875
0.44597
0.12801
0.06486
0.04407
0.61292
0.02918
0.15813
0.06828
0.10305
0.04674
0.01145
0.31331
0.18292
0.16537
0.23429
0.27458
0.38375
0.47041
0.64174
0.14561
0.31241
0.17140
0.16445
0.15395
0.19937
0.18098
0.27049
0.13758
0.11490
0.09041
0.06095
0.06801
0.12810
0.25659
0.06859
0.31474
0.15260
0.09033
0.05420
0.03869
0.12446
0.20143
0.33434
0.02406
0.13780
0.36657
0.16029
0.08992
0.46169
0.12998
0.07540
0.03099
0.01048
0.00352
0.88398
0.84247
0.20792
0.26555
0.82590
0.57107
0.69363
0.32723
0.19283
0.17368
0.22974
0.22162
0.42302
0.18052
0.26143
0.29369
0.16962
0.11791
0.25370
0.30810
0.25228
0.17123
0.17097
0.26771
0.08329
0.13284
0.14700
0.05023
0.11457
0.12377
0.06723
0.00576
0.11962
0.06166
0.01665
0.05089
0.11667
0.06051
0.00972
0.04674
0.22016
0.02206
0.14669
0.12431
0.13144
0.15824
0.31161
0.08542
0.05610
0.36708
0.10719
0.08791
0.02874
0.03916
0.00165
0.01679
0.01276
0.45255
0.08022
0.00376
0.13281
0.38419
0.20010
0.14006
0.03772
0.17902
0.16117
0.07383
0.05039
0.06891
0.05428
0.05454
0.17613
0.09166
0.07658
0.09921
0.08859
0.04727
0.03867
0.14410
0.00666
0.27216
0.01657
0.05885
0.05434
0.02687
0.25487
0.00117
0.00397
0.08114
0.11559
0.54442
0.33394
0.13742
0.11896
0.14375
0.04907
0.04958
0.01683
0.09731
0.07180
0.05620
0.04855
0.05820
0.06009
0.05466
0.01358
0.06968
0.09382
0.21412
0.05640
0.26985
0.08492
0.09232
0.04305
0.10856
0.02393
0.02640
0.06948
0.06081
0.04681
0.08561
0.05447
0.02515
0.03203
0.01151
0.24008
0.00500
0.01591
0.04727
0.04146
0.00621
0.00700
0.01354
0.00791
0.01391
0.06946
0.10597
0.06088
0.07209
0.05493
0.00412
0.17558
0.03383
0.06195
0.03244
0.01145
0.14755
0.04446
0.05257
0.01931
0.01440
0.02659
0.17906
0.04699
0.00186
0.32487
0.00597
0.01321
0.03217
0.08375
0.01770
0.02493
0.28948
0.02040
0.01530
0.00604
0.03919
0.00272
0.04345
0.01345
0.07677
0.03231
0.10943
0.04751
0.01875
0.03161
0.00317
0.26270
0.10798
0.03312
0.11101
0.04928
0.59186
0.14698
0.04090
0.04082
0.02563
0.01926
0.02130
0.19043
0.13181
0.13183
0.06744
0.01607
0.01769
0.00549
0.09128
0.02467
0.06581
0.01255
0.01456
0.00947
0.03429
0.03067
0.01684
0.02515
0.00269
0.00755
0.00525
0.03554
0.13190
0.08560
0.00938
0.03924
0.02237
0.00064
0.00237
0.00118
0.03190
0.03639
0.01379
0.03304
0.00619
0.00028
0.02807
0.03066
0.00203
0.40885
0.02128
0.00218
0.06575
0.00749
0.00002
0.00201
0.00983
0.00052
0.04088
0.13696
0.03777
0.01459
0.01439
0.00539
0.01011
0.01518
0.00466
0.00031
0.00044
0.00325
0.00008
0.00421
0.00119
0.03617
0.00003
0.09571
0.18772
0.01204
0.02136
0.20078
0.00430
0.02076
0.00017
0.00473
0.00305
0.05223
0.11487
0.02837
0.25994
0.10738
0.65048
0.00149
0.30041
0.00032
0.89096
0.00758
0.00840
0.45338
0.26198
0.47050
0.13497
0.31734
0.18609
0.36143
0.13769
0.20240
0.06362
0.24082
0.12815
0.19719
0.22615
0.23548
0.14958
0.20044
0.24530
0.15634
0.41772
0.22021
0.08963
0.06604
0.23929
0.30665
0.27759
0.20396
0.03464
0.07831
0.02942
0.09795
0.09087
0.04873
0.13413
0.11197
0.09787
0.15943
0.05002
0.19329
0.12984
0.07720
0.03412
0.11728
0.06846
0.51309
0.00961
0.03816
0.01621
0.48743
0.09378
0.12866
0.07755
0.04415
0.19119
0.08821
0.03051
0.03299
0.24361
0.13955
0.14951
0.06648
0.17495
0.07552
0.05759
0.00962
0.06489
0.07108
0.05840
0.03286
0.06202
0.07842
0.00785
0.02979
0.01873
0.00969
0.01554
0.04281
0.03704
0.02501
0.01648
0.01290
0.01669
0.01910
0.01709
0.05827
0.00208
0.02906
0.04011
0.04154
0.04306
0.72531
0.08083
0.01525
0.31048
0.06525
0.35570
0.09041
0.01526
0.06082
0.06766
0.10003
0.23262
0.00664
0.05757
0.34377
0.08290
0.05155
0.33929
0.05681
0.11860
0.09460
0.07650
0.12491
0.15656
0.15729
0.22260
0.08726
0.21466
0.29834
0.08413
0.16554
0.09407
0.28869
0.01576
0.10996
0.01806
0.01738
0.02040
0.03223
0.00440
0.03033
0.00158
0.48866
0.03176
0.09193
0.20704
0.03025
0.15260
0.08594
0.04011
0.03223
0.04895
0.02771
0.08019
0.01020
0.06598
0.04016
0.01848
0.02264
0.01189
0.01722
0.02608
0.02745
0.04183
0.00783
0.02542
0.01268
0.00379
0.00124
0.26891
0.06984
0.05451
0.06626
0.00565
0.00407
0.05641
0.01375
0.01066
0.04583
0.01477
0.01000
0.01012
0.10438
0.00101
0.00599
0.00324
0.00116
0.00324
0.00546
0.03225
0.05198
0.00089
0.01419
0.03808
0.00247
0.00539
0.00065
0.00325
0.01060
0.00148
0.00715
0.00606
0.03534
0.01981
0.00461
0.00686
0.00270
0.04705
0.00463
0.01010
0.22551
0.00936
0.03632
0.01311
0.00069
0.04550
0.00193
0.04281
0.00723
0.15303
0.01464
0.00038
0.01638
0.10089
0.38482
0.11085
0.11134
0.10980
0.11315
0.00357
0.00140
0.00437
0.00269
0.00058
0.00101
0.01185
0.02727
0.01425
0.11987
0.01006
0.03264
0.02459
0.01881
0.03498
0.00089
0.00565
0.00282
0.00354
0.13387
0.00314
0.01466
0.00517
0.02067
0.23953
0.08846
0.01066
0.00564
0.00346
0.00764
0.02159
0.03526
0.06921
0.00256
0.00082
0.01703
0.00236
0.00700
0.00078
0.04448
0.04732
0.00117
0.00099
0.00048
0.00178
0.01513
0.01352
0.00090
0.03441
0.00888
0.00096
0.01306
0.00310
0.01465
0.00041
0.00068
0.00627
0.00161
0.00056
0.00072
0.13059
0.00137
0.00265
0.00669
0.00019
0.00063
0.00061
0.12866
0.00109
0.24257
0.02633
0.01590
0.00364
0.00219
0.00421
0.27895
0.12259
0.00932
0.00012
0.00976
0.01831
1.67087
0.04597
0.09972
0.24767
0.09190
0.11723
0.07993
0.01384
0.01394
0.01984
0.06257
0.00512
0.40422
0.02128
0.00751
0.17658
0.05745
0.03102
0.04123
0.08781
0.01418
0.05039
0.08662
0.08749
0.03268
0.09599
0.09092
0.06523
0.03016
0.04065
0.01604
0.04303
0.03628
0.00321
0.03181
0.00713
0.10389
0.02842
0.06190
0.08726
0.00544
0.00336
0.00851
0.00231
0.19810
0.00810
0.00080
0.00227
0.01022
0.08193
0.03086
0.01328
0.01337
0.01062
0.01557
0.00627
0.00706
0.01834
0.01949
0.00131
0.00426
0.00498
0.00208
0.00018
0.01034
0.00080
0.00409
0.00097
0.04062
0.00474
0.00048
0.00247
0.00100
0.00463
0.00563
0.00035
0.00079
0.00039
0.00348
0.00373
0.00156
0.02602
0.00153
0.00033
0.00319
0.00731
0.00427
0.00031
0.01661
0.00011
0.00044
0.00401
0.00195
0.00150
0.00164
0.02167
0.00044
0.00023
0.01203
0.00004
0.00003
0.00341
0.00702
0.02776
0.00447
0.00094
0.00207
0.00214
0.00010
0.00048
0.00043
0.01020
0.00021
0.00038
0.00004
0.00024
0.00036
0.00003
0.00128
0.00001
0.00009
0.00010
0.00028
0.00093
0.00241
0.00063
0.00032
0.00021
0.00020
0.00062
0.00055
0.00028
0.00004
0.00045
0.03900
0.00031
0.00753
0.00023
0.00034
0.00020
0.00004
0.00000
0.00004
0.00049
0.00015
0.00119
0.00119
0.00005
0.00033
0.00007
0.00001
0.00002
0.00153
0.00312
0.00255
0.00090
0.00012
0.00039
0.00018
0.00804
0.00002
0.00002
0.00002
0.00115
0.00034
0.00008
0.00000
0.00002
0.00069
0.00003
0.00060
0.00105
0.00393
0.00897
0.00018
0.00012
0.00832
0.00607
0.00631
0.00001
0.00002
0.00013
0.00002
0.00011
0.00029
0.00172
0.00067
0.00028
0.00016
0.00006
0.00000
0.00134
0.00019
0.00001
0.00000
0.00260
0.00490
0.00116
0.00026
0.00005
0.00032
0.00096
0.00034
0.00128
0.00008
0.00103
0.00012
0.00001
0.00001
0.00003
0.00234
0.00611
0.00002
0.00414
0.00443
0.00357
0.00009
0.00078
0.00005
0.00000
0.00006
0.00000
0.00007
0.00002
0.00000
0.00003
0.00003
0.00001
0.00027
0.00055
0.00141
0.00016
0.05474
0.00001
0.00070
0.00039
0.00015
0.00090
0.00005
0.00312
0.00001
0.00002
0.00079
0.00018
0.25106
0.00177
0.00006
0.27566
0.00001
0.01901
0.01144
0.00010
0.00004
0.00359
0.00149
0.00537
0.00449
0.00727
0.10505
0.00082
0.00044
0.07592
0.91727
0.54877
0.01703
0.14174
0.12067
0.01666
0.30157
0.02582
0.26778
0.33077
0.22902
0.24661
0.20831
0.07952
0.06723
0.06757
0.06019
0.13055
0.15760
0.34759
0.26259
0.14125
0.21334
0.15920
0.17551
0.01091
0.19455
0.20574
0.09573
0.43920
0.08428
0.07160
0.04120
0.05045
0.01042
0.11667
0.07029
0.06342
0.05297
0.02487
0.05741
0.07752
0.03398
0.08599
0.06287
0.02123
0.02141
0.06353
0.03073
0.00600
0.05569
0.01645
0.11652
0.04803
0.01440
0.01344
0.00452
0.03427
0.08324
0.09651
0.03466
0.02949
0.32924
0.00239
0.03633
0.02737
0.00300
0.06868
0.00330
0.00130
0.00766
0.15269
0.09841
0.18360
0.13491
0.05735
0.01707
0.00286
0.00472
0.00209
0.00923
0.08150
0.05031
0.03563
0.22491
0.04443
0.13632
0.02541
0.00786
0.16637
0.02590
0.02639
0.00372
0.47801
0.28416
0.00327
0.13559
0.13082
0.00874
0.09858
0.00746
0.03872
0.03536
0.00536
0.04112
0.06145
0.05003
0.02013
0.09968
0.02186
0.00245
0.00183
0.00154
0.12909
0.19145
0.11414
0.00908
0.01147
0.01090
0.03190
0.05236
0.09475
0.02976
0.04547
0.00648
0.00674
0.03854
0.00766
0.01249
0.00726
0.00686
0.00977
0.00327
0.00300
0.00098
0.00262
0.00597
0.00308
0.03535
0.00231
0.06908
0.00894
0.01052
0.00069
0.00152
0.01079
0.00064
0.05955
0.00054
0.01289
0.03423
0.00750
0.00037
0.03476
0.00052
0.00033
0.00447
0.00002
0.00017
0.00111
0.00159
0.00425
0.00310
0.00303
0.00098
0.01082
0.00221
0.00001
0.00007
0.00034
0.00078
0.00070
0.02745
0.17323
0.00024
0.00809
0.00179
0.00094
0.00078
0.00167
0.00029
0.00153
0.00130
0.00132
0.00482
0.00048
0.00168
0.00091
0.02198
0.00008
0.00003
0.00368
0.00012
0.00128
0.00061
0.00284
0.00012
0.00001
0.00017
0.00139
0.00359
0.00495
0.00147
0.00052
0.00359
0.00445
0.00087
0.01115
0.00064
0.01089
0.00030
0.00168
0.00049
0.00002
0.00034
0.00003
0.00011
0.02600
0.00036
0.00027
0.00001
0.00433
0.00333
0.00339
0.00329
0.00000
0.00006
0.00156
0.00186
0.00020
0.00001
0.03674
0.00532
0.00014
0.00027
0.00022
0.00936
0.00293
0.03386
0.00110
0.00003
0.00001
0.00008
0.00044
0.00026
0.00001
0.00007
0.00202
0.00001
0.00001
0.00190
0.00003
0.00018
0.00010
0.00246
0.00001
0.00188
0.00040
0.00104
0.00058
0.00074
0.00002
0.00001
0.00001
0.00013
0.00018
0.00011
0.00036
0.00002
0.00060
0.00013
0.00048
0.00000
0.00000
0.00024
0.06205
0.05500
0.00000
0.00147
0.00033
0.00013
0.00012
0.03439
0.00016
0.00318
0.18595
0.00055
0.00714
0.08558
0.00031
0.00500
0.00129
0.00502
0.00073
0.00035
0.00453
0.00144
0.13439
0.03103
0.01705
0.00030
0.08370
0.00248
0.14241
0.00047
0.00555
0.02136
0.00380
0.00020
0.03094
0.00163
0.00000
0.00012
1.06474
0.03584
0.05035
0.12417
0.02360
0.00049
0.15575
0.09609
0.34433
0.03345
0.00529
0.23804
0.02510
0.04868
0.07106
0.43218
0.02766
0.01071
0.06956
0.03025
0.05335
0.03520
0.02464
0.01813
0.01628
0.01558
0.03012
0.06018
0.00986
0.04638
0.06230
0.04201
0.01341
0.02607
0.01554
0.01790
0.02603
0.01857
0.00182
0.00104
0.03425
0.00325
0.08259
0.03818
0.00033
0.00005
0.05900
0.00956
0.00329
0.00017
0.00041
0.00161
0.00348
0.00336
0.01869
0.00053
0.00057
0.00250
0.02016
0.00136
0.00001
0.00014
0.01589
0.00024
0.00052
0.01161
0.00450
0.00540
0.00226
0.00215
0.00023
0.00405
0.02468
0.00004
0.61801
0.10096
0.00365
0.03517
0.00446
0.00193
0.24589
0.00043
0.00667
0.00736
0.02223
0.09156
0.00403
0.05968
0.00721
0.06646
0.00239
0.17543
0.02045
0.00715
0.01019
0.04147
0.03602
0.06573
0.04134
0.03029
0.00629
0.00921
0.00075
0.01668
0.01111
0.00252
0.00365
0.00098
0.01715
0.00082
0.00112
0.07905
0.06117
0.00016
0.07426
0.01738
0.00363
0.00819
0.00063
0.00042
0.00133
0.00800
0.00940
0.01021
0.03525
0.00213
0.02090
0.00119
0.00275
0.00189
0.00026
0.00113
0.00004
0.00217
0.00335
0.00078
0.00371
0.00058
0.00387
0.00391
0.00159
0.00503
0.00749
0.02081
0.07357
0.00029
0.00165
0.00043
0.00035
0.00379
0.00221
0.00052
0.05159
0.00184
0.00044
0.01324
0.05330
0.00847
0.04024
0.00560
0.00002
0.00100
0.00022
0.00705
0.00030
0.00033
0.00148
0.00277
0.00041
0.01513
0.00143
0.00057
0.00109
0.00176
0.00098
0.00015
0.00031
0.00025
0.00024
0.00045
0.00017
0.00000
0.00000
0.00007
0.00005
0.00027
0.00011
0.00016
0.00074
0.00014
0.00002
0.00003
0.00042
0.02722
0.00059
0.00115
0.00003
0.00022
0.00003
0.00005
0.00096
0.00220
0.00006
0.00325
0.00238
0.00000
0.00003
0.00011
0.00026
0.00008
0.00000
0.00064
0.00009
0.00276
0.00000
0.00001
0.00004
0.00000
0.00001
0.00003
0.00095
0.00281
0.00021
0.00026
0.00270
0.00024
0.00010
0.00007
0.00004
0.00003
0.00010
0.00002
0.00072
0.00003
0.00001
0.00104
0.00073
0.00040
0.00075
0.00007
0.00003
0.00017
0.00028
0.00011
0.00047
0.00039
0.00001
0.00067
0.00006
0.00003
0.00000
0.00002
0.00000
0.00057
0.00001
0.00003
0.00000
0.00006
0.00000
0.00000
0.00001
0.00033
0.00028
0.00004
0.00010
0.00008
0.00008
0.00002
0.00005
0.00001
0.00020
0.00004
0.00000
0.00000
0.00034
0.00004
0.00007
0.00002
0.00004
0.00024
0.00000
0.00002
0.00509
0.00045
0.00007
0.00000
0.00001
0.00000
0.00032
0.00525
0.00004
0.00003
0.00083
0.00144
0.00034
0.00006
0.00010
0.00007
0.00000
0.00033
0.00006
0.00000
0.00000
0.00003
0.00081
0.00031
0.00020
0.00001
0.00001
0.00012
0.00001
0.00000
0.00000
0.00089
0.00080
0.00122
0.00070
0.00044
0.00007
0.00007
0.00022
0.00003
0.00001
0.00003
0.00005
0.00001
0.00000
0.00000
0.00082
0.00058
0.00047
0.00004
0.00000
0.00008
0.00000
0.00002
0.00001
0.00006
0.00017
0.00013
0.00002
0.00010
0.00000
0.00001
0.00000
0.00007
0.00053
0.00000
0.00019
0.00000
0.00005
0.00001
0.00000
0.00000
0.00000
0.00009
0.00071
0.00081
0.00000
0.00013
0.00002
0.00000
0.00000
0.00002
0.00007
0.00016
0.00058
0.00025
0.00000
0.00009
0.00180
0.00039
0.00085
0.00012
0.00001
0.00001
0.00062
0.00023
0.00073
0.00000
0.00001
0.00002
0.00001
0.00027
0.00009
0.00000
0.00000
0.00013
0.00001
0.00000
0.00002
0.00002
0.00000
0.00013
0.00000
0.00000
0.00000
0.00034
0.00014
0.00010
0.00001
0.00011
0.00025
0.00001
0.00000
0.00000
0.00024
0.00000
0.00000
0.00007
0.00005
0.00001
0.00002
0.00003
0.00000
0.00002
0.00000
0.00000
0.00013
0.00000
0.00002
0.00002
0.00058
0.00038
0.00004
0.00005
0.00027
0.00000
0.00000
0.00000
0.00000
0.00000
0.00000
0.00017
0.00001
0.00003
0.00020
0.00022
0.00002
0.00001
0.00016
0.00004
0.00006
0.00002
0.00019
0.00004
0.00000
0.00001
0.00041
0.00025
0.00050
0.00001
0.00001
0.00000
0.00059
0.00094
0.00010
0.00000
0.00067
0.00001
0.00001
0.00005
0.00008
0.00000
0.00002
0.00001
0.00052
0.00024
0.00011
0.00001
0.00001
0.00000
0.00029
0.00019
0.00030
0.00011
0.00251
0.00035
0.00000
0.00000
0.00000
0.00074
0.00045
0.00011
0.00000
0.00000
0.00000
0.00036
0.00004
0.00000
0.00012
0.00002
0.00000
0.00000
0.00000
0.00002
0.00000
0.00001
0.00000
0.00102
0.00001
0.00000
0.00003
0.00000
0.00001
0.00001
0.00093
0.00010
0.00000
0.00004
0.00000
0.00000
0.00000
0.00001
0.00001
0.00001
0.00026
0.00007
0.00003
0.00003
0.00002
0.00000
0.00025
0.00033
0.00001
0.00003
0.00000
0.00000
0.00000
0.00003
0.00000
0.00001
0.00000
0.00006
0.00001
0.00003
0.00002
0.00007
0.00004
0.00000
0.00000
0.00007
0.00005
0.00029
0.00001
0.00000
0.00002
0.00001
0.00000
0.00000
0.00000
0.00000
0.00000
0.00006
0.00001
0.00001
0.00003
0.00000
0.00015
0.00002
0.00017
0.00000
0.00002
0.00000
0.00000
0.00000
0.00007
0.00000
0.00004
0.00004
0.00002
0.00000
0.00000
0.00000
0.00002
0.00000
0.00001
0.00001
0.00000
0.00000
0.00006
0.00002
0.00001
0.00001
0.00010
0.00000
0.00159
0.00032
0.00043
0.00000
0.00014
0.00000
0.00001
0.00002
0.00005
0.00016
0.00000
0.00009
0.00000
0.00002
0.00001
0.00142
0.00070
0.00017
0.00000
0.00047
0.00039
0.00000
0.00000
0.00000
0.00009
0.00001
0.00000
0.00004
0.00001
0.00014
0.00000
0.00000
0.00001
0.00000
0.00002
0.00000
0.00000
0.00000
0.00000
0.00038
0.00011
0.00002
0.00001
0.00003
0.00007
0.00003
0.00001
0.00000
0.00000
0.00000
0.00001
0.00000
0.00000
0.00000
0.00000
0.00004
0.00000
0.00002
0.00004
0.00000
0.00135
0.00009
0.00002
0.00000
0.00001
0.00007
0.00006
0.00001
0.00000
0.00003
0.00001
0.00025
0.00001
0.00005
0.00008
0.00001
0.00003
0.00001
0.00000
0.00000
0.00000
0.00041
0.00000
0.00018
0.00000
0.00000
0.00000
0.00000
0.00000
0.00001
0.00005
0.00014
0.00023
0.00003
0.00000
0.00012
0.00000
0.00000
0.00000
0.00017
0.00052
0.00026
0.00000
0.00000
0.00000
0.00001
0.00004
0.00000
0.00000
0.00000
0.00002
0.00004
0.00004
0.00001
0.00003
0.00003
0.00002
0.00069
0.00006
0.00077
0.00001
0.00004
0.00000
0.00000
0.00001
0.00000
0.00000
0.00003
0.00000
0.00000
0.00000
0.00000
0.00000
0.00000
0.00000
0.00001
0.00034
0.00003
0.00000
0.00000
0.00000
0.00001
0.00000
0.00001
0.00028
0.00006
0.00006
0.00000
0.00000
0.00004
0.00000
0.00000
0.00000
0.00001
0.00000
0.00000
0.00000
0.00000
0.00014
0.00000
0.00000
0.00001
0.00042
0.00017
0.00003
0.00000
0.00000
0.00000
0.00000
0.00002
0.00000
0.00000
0.00000
0.00000
0.00006
0.00000
0.00000
0.00000
0.00000
0.00001
0.00001
0.00009
0.00004
0.00005
0.00000
0.00021
0.00003
0.00071
0.00010
0.00000
0.00000
0.00002
0.00004
0.00006
0.00001
0.00000
0.00008
0.00000
0.00000
0.00000
0.00000
0.00000
0.00000
0.00002
0.00000
0.00004
0.00001
0.00000
0.00001
0.00000
0.00002
0.00001
0.00004
0.00001
0.00000
0.00001
0.00000
0.00000
0.00000
0.00005
0.00018
0.00017
0.00005
0.00001
0.00000
0.00000
0.00000
0.00000
0.00016
0.00004
0.00009
0.00013
0.00003
0.00019
0.00000
0.00000
0.00000
0.00001
0.00001
0.00000
0.00013
0.00000
0.00000
0.00003
0.00000
0.00001
0.00000
0.00000
0.00000
0.00000
0.00007
0.00000
0.00000
0.00000
0.00000
0.00007
0.00001
0.00000
0.00000
0.00000
0.00000
0.00000
0.00000
0.00001
0.00004
0.00016
0.00009
0.00000
0.00001
0.00000
0.00000
0.00000
0.00000
0.00001
0.00000
0.00000
0.00010
0.00015
0.00015
0.00026
0.00011
0.00013
0.00003
0.00001
0.00000
0.00000
0.00000
0.00000
0.00000
0.00000
0.00000
0.00001
0.00004
0.00001
0.00007
0.00000
0.00000
0.00000
0.00002
0.00000
0.00000
0.00000
0.00000
0.00007
0.00004
0.00002
0.00003
0.00000
0.00000
0.00009
0.00000
0.00019
0.00000
0.00001
0.00000
0.00000
0.00000
0.00001
0.00000
0.00000
0.00000
0.00000
0.00000
0.00000
0.00000
0.00000
0.00000
0.00013
0.00000
0.00000
0.00006
0.00002
0.00000
0.00002
0.00000
0.00000
0.00000
0.00000
0.00004
0.00000
0.00002
0.00000
0.00015
0.00022
0.00005
0.00000
0.00002
0.00000
0.00000
0.00000
0.00011
0.00014
0.00007
0.00048
0.00000
0.00000
0.00000
0.00000
0.00000
0.00000
0.00000
0.00000
0.00000
0.00001
0.00002
0.00003
0.00000
0.00000
0.00000
0.00002
0.00000
0.00001
0.00000
0.00001
0.00001
0.00000
0.00015
0.00001
0.00066
0.00000
0.00000
0.00000
0.00001
0.00000
0.00005
0.00001
0.00001
0.00000
0.00001
0.00000
0.00000
0.00000
0.00000
0.00000
0.00000
0.00000
0.00000
0.00000
0.00000
0.00006
0.00021
0.00014
0.00032
0.00008
0.00000
0.00000
0.00000
0.00000
0.00000
0.00000
0.00000
0.00000
0.00000
0.00000
0.00000
0.00000
0.00000
0.00005
0.00000
0.00001
0.00006
0.00019
0.00107
0.00004
0.00003
0.00001
0.00000
0.00000
0.00000
0.00000
0.00000
0.00000
0.00015
0.00042
0.00001
0.00000
0.00000
0.00000
0.00000
0.00002
0.00001
0.00000
0.00000
0.00000
0.00000
0.00000
0.00000
0.00011
0.00083
0.00003
0.00003
0.00002
0.00008
0.00000
0.00000
0.00000
0.00003
0.00002
0.00008
0.00000
0.00001
0.00001
0.00000
0.00000
0.00000
0.00000
0.00000
0.00000
0.00000
0.00010
0.00000
0.00000
0.00000
0.00000
0.00001
0.00000
0.00000
0.00000
0.00000
0.00000
0.00003
0.00000
0.00002
0.00002
0.00007
0.00001
0.00000
0.00002
0.00000
0.00006
0.00016
0.00003
0.00000
0.00000
0.00000
0.00000
0.00000
0.00000
0.00000
0.00000
0.00000
0.00000
0.00001
0.00005
0.00001
0.00000
0.00000
0.00001
0.00000
0.00000
0.00000
0.00000
0.00000
0.00002
0.00001
0.00000
0.00000
0.00007
0.00000
0.00000
0.00000
0.00000
0.00000
0.00000
0.00000
0.00007
0.00000
0.00000
0.00000
0.00000
0.00000
0.00000
0.00000
0.00000
0.00000
0.00000
0.00000
0.00000
0.00000
0.00000
0.00000
0.00000
0.00000
0.00009
0.00003
0.00048
0.00002
0.00007
0.00024
0.00069
0.00006
0.00006
0.00000
0.00000
0.00002
0.00001
0.00005
0.00000
0.00000
0.00000
0.00000
0.00000
0.00000
0.00000
0.00000
0.00000
0.00000
0.00000
0.00000
0.00000
0.00001
0.00000
0.00000
0.00005
0.00002
0.00003
0.00002
0.00000
0.00000
0.00000
0.00000
0.00000
0.00006
0.00000
0.00001
0.00002
0.00002
0.00000
0.00000
0.00000
0.00002
0.00004
0.00000
0.00001
0.00000
0.00000
0.00000
0.00006
0.00002
0.00000
0.00000
0.00000
0.00000
0.00002
0.00000
0.00000
0.00001
0.00021
0.00005
0.00000
0.00000
0.00001
0.00000
0.00000
0.00000
0.00015
0.00002
0.00004
0.00004
0.00000
0.00000
0.00002
0.00001
0.00001
0.00001
0.00001
0.00000
0.00000
0.00000
0.00000
0.00002
0.00006
0.00007
0.00000
0.00000
0.00000
0.00022
0.00004
0.00003
0.00000
0.00028
0.00000
0.00024
0.00007
0.00006
0.00000
0.00000
0.00002
0.00000
0.00003
0.00001
0.00000
0.00000
0.00000
0.00001
0.00009
0.00010
0.00000
0.00001
0.00000
0.00000
0.00000
0.00000
0.00000
0.00000
0.00000
0.00000
0.00001
0.00000
0.00002
0.00000
0.00002
0.00001
0.00001
0.00001
0.00002
0.00012
0.00001
0.00002
0.00029
0.00000
0.00000
0.00005
0.00000
0.00000
0.00000
0.00000
0.00000
0.00000
0.00000
0.00000
0.00000
0.00000
0.00002
0.00000
0.00000
0.00000
0.00000
0.00000
0.00000
0.00000
0.00001
0.00001
0.00000
0.00000
0.00000
0.00000
0.00003
0.00000
0.00000
0.00003
0.00002
0.00000
0.00000
0.00006
0.00010
0.00026
0.00000
0.00000
0.00000
0.00001
0.00000
0.00000
0.00000
0.00000
0.00001
0.00000
0.00000
0.00000
0.00000
0.00000
0.00001
0.00003
0.00001
0.00000
0.00000
0.00000
0.00000
0.00001
0.00001
0.00001
0.00013
0.00000
0.00000
0.00002
0.00006
0.00001
0.00000
0.00009
0.00002
0.00000
0.00000
0.00000
0.00000
0.00000
0.00000
0.00000
0.00000
0.00000
0.00000
0.00000
0.00000
0.00000
0.00000
0.00001
0.00003
0.00006
0.00007
0.00002
0.00002
0.00000
0.00013
0.00009
0.00001
0.00000
0.00000
0.00000
0.00000
0.00000
0.00000
0.00001
0.00001
0.00000
0.00001
0.00015
0.00000
0.00000
0.00000
0.00000
0.00023
0.00004
0.00003
0.00000
0.00008
0.00000
0.00001
0.00000
0.00001
0.00000
0.00000
0.00000
0.00000
0.00000
0.00005
0.00000
0.00000
0.00000
0.00000
0.00000
0.00000
0.00001
0.00000
0.00000
0.00000
0.00000
0.00000
0.00000
0.00001
0.00000
0.00000
0.00000
0.00000
0.00000
0.00000
0.00000
0.00000
0.00000
0.00000
0.00000
0.00001
0.00000
0.00003
0.00000
0.00000
0.00000
0.00000
0.00000
0.00000
0.00000
0.00000
0.00000
0.00000
0.00000
0.00012
0.00033
0.00008
0.00001
0.00013
0.00007
0.00004
0.00000
0.00000
0.00000
0.00000
0.00000
0.00000
0.00001
0.00001
0.00000
0.00000
0.00000
0.00000
0.00001
0.00000
0.00001
0.00000
0.00006
0.00000
0.00000
0.00000
0.00000
0.00000
0.00000
0.00000
0.00000
0.00000
0.00000
0.00001
0.00000
0.00000
0.00000
0.00005
0.00002
0.00000
0.00002
0.00000
0.00000
0.00001
0.00005
0.00003
0.00001
0.00001
0.00005
0.00000
0.00000
0.00000
0.00001
0.00000
0.00000
0.00001
0.00000
0.00000
0.00000
0.00003
0.00003
0.00007
0.00000
0.00001
0.00000
0.00000
0.00000
0.00000
0.00000
0.00005
0.00031
0.00000
0.00000
0.00000
0.00002
0.00000
0.00000
0.00000
0.00000
0.00000
0.00000
0.00000
0.00000
0.00000
0.00000
0.00004
0.00003
0.00003
0.00002
0.00000
0.00000
0.00000
0.00001
0.00002
0.00004
0.00000
0.00000
0.00000
0.00000
0.00000
0.00000
0.00000
0.00004
0.00006
0.00000
0.00000
0.00000
0.00000
0.00000
0.00000
0.00009
0.00000
0.00001
0.00000
0.00000
0.00000
0.00000
0.00000
0.00000
0.00000
0.00001
0.00040
0.00002
0.00004
0.00003
0.00000
0.00000
0.00000
0.00006
0.00003
0.00002
0.00001
0.00002
0.00000
0.00000
0.00000
0.00000
0.00000
0.00000
0.00000
0.00000
0.00000
0.00000
0.00000
0.00000
0.00000
0.00004
0.00006
0.00026
0.00000
0.00000
0.00000
0.00000
0.00000
0.00000
0.00000
0.00000
0.00000
0.00002
0.00002
0.00000
0.00000
0.00000
0.00000
0.00000
0.00000
0.00000
0.00001
0.00000
0.00000
0.00000
0.00000
0.00000
0.00000
0.00000
0.00013
0.00000
0.00000
0.00000
0.00008
0.00004
0.00014
0.00000
0.00000
0.00000
0.00000
0.00000
0.00003
0.00001
0.00000
0.00000
0.00001
0.00000
0.00002
0.00001
0.00000
0.00000
0.00000
0.00000
0.00001
0.00000
0.00000
0.00000
0.00000
0.00000
0.00000
0.00000
0.00000
0.00000
0.00000
0.00000
0.00000
0.00000
0.00000
0.00000
0.00001
0.00013
0.00006
0.00002
0.00000
0.00000
0.00004
0.00000
0.00005
0.00002
0.00000
0.00003
0.00001
0.00001
0.00000
0.00000
0.00000
0.00000
0.00000
0.00000
0.00000
0.00009
0.00000
0.00000
0.00000
0.00000
0.00000
0.00001
0.00001
0.00002
0.00000
0.00000
0.00000
0.00000
0.00000
0.00000
0.00000
0.00000
0.00000
0.00010
0.00001
0.00006
0.00001
0.00001
0.00005
0.00000
0.00000
0.00000
0.00003
0.00003
0.00012
0.00005
0.00000
0.00000
0.00000
0.00000
0.00000
0.00001
0.00000
0.00000
0.00000
0.00000
0.00000
0.00134
0.00000
0.00000
0.00000
0.00001
0.00000
0.00000
0.00000
0.00000
0.00047
0.00002
0.00001
0.00000
0.00001
0.00000
0.00000
0.00000
0.00000
0.00000
0.00002
0.00003
0.00001
0.00000
0.00000
0.00002
0.00000
0.00008
0.00000
0.00000
0.00000
0.00000
0.00000
0.00000
0.00000
0.00000
0.00000
0.00000
0.00000
0.00000
0.00000
0.00000
0.00000
0.00000
0.00000
0.00000
0.00006
0.00008
0.00004
0.00001
0.00000
0.00001
0.00000
0.00000
0.00000
0.00000
0.00000
0.00000
0.00000
0.00002
0.00000
0.00000
0.00001
0.00000
0.00000
0.00000
0.00000
0.00001
0.00000
0.00002
0.00003
0.00001
0.00000
0.00000
0.00000
0.00000
0.00000
0.00000
0.00006
0.00000
0.00000
0.00000
0.00000
0.00000
0.00000
0.00000
0.00015
0.00001
0.00000
0.00000
0.00002
0.00005
0.00001
0.00004
0.00000
0.00000
0.00000
0.00003
0.00007
0.00001
0.00000
0.00000
0.00000
0.00000
0.00000
0.00000
0.00000
0.00000
0.00000
0.00000
0.00000
0.00000
0.00000
0.00000
0.00000
0.00000
0.00000
0.00002
0.00000
0.00000
0.00000
0.00000
0.00003
0.00000
0.00003
0.00006
0.00000
0.00001
0.00005
0.00001
0.00000
0.00000
0.00000
0.00000
0.00001
0.00000
0.00000
0.00000
0.00000
0.00012
0.00000
0.00001
0.00000
0.00000
0.00000
0.00000
0.00000
0.00000
0.00000
0.00000
0.00000
0.00001
0.00000
0.00000
0.00000
0.00000
0.00000
0.00000
0.00000
0.00000
0.00000
0.00000
0.00000
0.00019
0.00005
0.00001
0.00001
0.00001
0.00000
0.00000
0.00004
0.00000
0.00000
0.00000
0.00000
0.00000
0.00000
0.00008
0.00004
0.00000
0.00001
0.00001
0.00000
0.00000
0.00000
0.00000
0.00000
0.00003
0.00002
0.00000
0.00000
0.00000
0.00000
0.00000
0.00000
0.00000
0.00000
0.00000
0.00000
0.00000
0.00000
0.00000
0.00000
0.00000
0.00000
0.00001
0.00000
0.00000
0.00000
0.00000
0.00000
0.00000
0.00000
0.00000
0.00000
0.00000
0.00000
0.00000
0.00000
0.00001
0.00001
0.00000
0.00000
0.00000
0.00000
0.00000
0.00000
0.00000
0.00000
0.00006
0.00001
0.00011
0.00001
0.00002
0.00000
0.00000
0.00000
0.00005
0.00002
0.00000
0.00000
0.00000
0.00000
0.00000
0.00000
0.00000
0.00000
0.00001
0.00005
0.00003
0.00000
0.00000
0.00000
0.00000
0.00000
0.00000
0.00000
0.00000
0.00000
0.00000
0.00001
0.00000
0.00000
0.00000
0.00000
0.00000
0.00000
0.00000
0.00000
0.00000
0.00000
0.00000
0.00001
0.00000
0.00000
0.00000
0.00000
0.00000
0.00000
0.00000
0.00000
0.00000
0.00000
0.00000
0.00000
0.00001
0.00000
0.00000
0.00000
0.00000
0.00001
0.00000
0.00000
0.00001
0.00000
0.00001
0.00003
0.00006
0.00001
0.00001
0.00002
0.00000
0.00000
0.00000
0.00003
0.00000
0.00001
0.00000
0.00000
0.00000
0.00000
0.00000
0.00000
0.00009
0.00000
0.00000
0.00000
0.00001
0.00000
0.00000
0.00000
0.00000
0.00000
0.00000
0.00000
0.00000
0.00000
0.00000
0.00001
0.00000
0.00000
0.00000
0.00000
0.00000
0.00000
0.00006
0.00008
0.00000
0.00000
0.00000
0.00000
0.00000
0.00000
0.00001
0.00003
0.00007
0.00000
0.00000
0.00000
0.00000
0.00000
0.00000
0.00000
0.00000
0.00000
0.00000
0.00000
0.00000
0.00000
0.00000
0.00000
0.00000
0.00000
0.00000
0.00001
0.00030
0.00029
0.00001
0.00000
0.00000
0.00000
0.00000
0.00001
0.00000
0.00000
0.00000
0.00000
0.00000
0.00000
0.00000
0.00000
0.00000
0.00000
0.00000
0.00000
0.00007
0.00001
0.00002
0.00000
0.00000
0.00000
0.00000
0.00000
0.00000
0.00000
0.00000
0.00000
0.00000
0.00000
0.00000
0.00001
0.00000
0.00000
0.00006
0.00004
0.00000
0.00000
0.00000
0.00003
0.00000
0.00000
0.00000
0.00001
0.00007
0.00002
0.00000
0.00000
0.00000
0.00000
0.00000
0.00000
0.00005
0.00005
0.00002
0.00001
0.00001
0.00021
0.00000
0.00000
0.00000
0.00002
0.00000
0.00000
0.00000
0.00000
0.00000
0.00000
0.00000
0.00000
0.00000
0.00000
0.00000
0.00000
0.00000
0.00000
0.00002
0.00000
0.00001
0.00000
0.00000
0.00000
0.00000
0.00000
0.00000
0.00000
0.00000
0.00000
0.00000
0.00000
0.00000
0.00000
0.00001
0.00000
0.00000
0.00000
0.00000
0.00000
0.00000
0.00000
0.00000
0.00000
0.00000
0.00000
0.00000
0.00000
0.00000
0.00000
0.00000
0.00000
0.00000
0.00000
0.00002
0.00005
0.00000
0.00000
0.00001
0.00002
0.00000
0.00000
0.00001
0.00000
0.00000
0.00000
0.00001
0.00001
0.00000
0.00000
0.00000
0.00000
0.00000
0.00000
0.00000
0.00000
0.00013
0.00000
0.00000
0.00000
0.00000
0.00000
0.00000
0.00000
0.00000
0.00000
0.00000
0.00001
0.00006
0.00002
0.00000
0.00001
0.00000
0.00000
0.00000
0.00003
0.00000
0.00000
0.00000
0.00000
0.00000
0.00000
0.00000
0.00000
0.00000
0.00003
0.00001
0.00002
0.00000
0.00000
0.00000
0.00006
0.00003
0.00001
0.00000
0.00000
0.00000
0.00000
0.00000
0.00000
0.00005
0.00000
0.00004
0.00000
0.00000
0.00000
0.00000
0.00000
0.00000
0.00000
0.00000
0.00000
0.00000
0.00000
0.00000
