0.41270
0.44884
0.47896
0.46711
0.48611
0.52632
0.54000
0.55862
0.54019
0.55862
0.59136
0.53381
0.57931
0.54804
0.57534
0.49470
0.59233
0.56849
0.57576
0.56391
0.50575
0.57565
0.55474
0.57565
0.55072
0.64085
0.58955
0.59854
0.57252
0.57915
0.63799
0.63469
0.62257
0.61069
0.60392
0.65000
0.62642
0.62406
0.67164
0.67883
0.70922
0.74286
0.70922
0.76976
0.73759
0.74564
0.72414
0.78621
0.78893
0.81272
0.77083
0.83502
0.82877
0.81081
0.83162
0.85522
0.86288
0.88514
0.86301
0.89933
0.89632
0.88737
0.90411
0.94631
0.92359
0.91946
0.92203
0.93243
0.92667
0.95302
0.95973
0.97674
0.96667
0.95270
0.97690
0.98052
0.97351
0.99010
0.97659
0.98693
0.98684
0.98361
0.99010
0.98684
0.99016
0.99016
0.99342
0.98361
0.98361
0.99342
0.99016
0.99674
0.99672
0.99672
0.99346
0.98684
0.98350
0.98039
0.98684
0.99674
