0.42400
0.49664
0.43182
0.49635
0.54225
0.58462
0.54545
0.57343
0.56000
0.60630
0.63115
0.65354
0.59690
0.61905
0.59843
0.61151
0.67769
0.62992
0.70175
0.65517
0.65323
0.68217
0.70642
0.64167
0.68750
0.70400
0.69672
0.75455
0.73810
0.78947
0.73504
0.78302
0.75833
0.79817
0.78505
0.76800
0.80672
0.81250
0.82906
0.80952
0.82243
0.84259
0.86325
0.85833
0.85965
0.84167
0.87719
0.86486
0.87302
0.86777
0.87200
0.86260
0.87402
0.89683
0.90625
0.88722
0.92623
0.93798
0.92248
0.93548
0.93939
0.96000
0.95385
0.94615
0.96296
0.94928
0.94074
0.94737
0.95455
0.97744
0.94928
0.96377
0.99231
0.97080
0.98529
0.97744
0.97059
0.98507
0.97826
0.98551
0.98561
1.00000
0.97794
0.99254
0.99270
0.99270
0.99270
0.97857
0.98551
1.00000
0.99275
0.97163
1.00000
0.99270
1.00000
1.00000
1.00000
0.97826
1.00000
1.00000
