0.68405
1.34596
3.44951
1.15737
1.04732
0.59881
1.30213
0.87401
0.71946
0.63229
0.73820
0.70714
1.19146
0.87049
0.64437
0.88647
0.70346
0.65138
0.63105
0.71972
0.68270
0.87918
0.77834
0.65688
0.89940
0.87200
0.83278
0.66748
0.68996
0.61755
0.81407
0.85959
0.82595
0.69932
0.67828
0.68838
0.71057
0.72471
0.71955
0.69561
0.68969
0.69427
0.71996
0.73172
0.73103
0.69061
0.70273
0.72770
0.67969
0.66768
0.66906
0.69177
0.68422
0.70802
0.73844
0.72035
0.71715
0.67433
0.68163
0.68087
0.66604
0.66981
0.68082
0.73486
0.71243
0.68447
0.66598
0.64506
0.64733
0.77351
0.78481
0.74907
0.67992
0.67100
0.68047
0.68757
0.67667
0.67647
0.71571
0.69327
0.65526
0.69543
0.70924
0.67287
0.67275
0.69760
0.67582
0.69229
0.71539
0.70980
0.70466
0.65313
0.67810
0.69282
0.69519
0.68417
0.70949
0.66053
0.68061
0.67423
0.65580
0.63789
0.74982
0.73912
0.70582
0.66590
0.66780
0.64586
0.88042
0.84629
0.75295
0.70169
0.68935
0.67972
0.72883
0.71242
0.71905
0.74733
0.72020
0.69496
0.69051
0.68983
0.68705
0.68114
0.70523
0.69864
0.67381
0.67166
0.67040
0.77286
0.76578
0.75127
0.68111
0.68919
0.68007
0.70817
0.68647
0.66359
0.66752
0.66105
0.66751
0.65315
0.64916
0.63974
0.66870
0.67989
0.67491
0.72292
0.71937
0.69574
0.62564
0.64691
0.63957
0.69420
0.68549
0.69592
0.71685
0.69153
0.69723
0.67100
0.67650
0.67779
0.69723
0.69262
0.69115
0.68617
0.68781
0.68901
0.70092
0.70038
0.68511
0.69620
0.69629
0.68719
0.69866
0.70397
0.70258
0.71467
0.71421
0.70849
0.68163
0.67707
0.67680
0.67518
0.67491
0.67841
0.69477
0.68680
0.67864
0.68724
0.67811
0.67441
0.71328
0.70889
0.71334
0.70003
0.70289
0.70375
0.65393
0.65779
0.65820
0.71994
0.72342
0.71588
0.66034
0.65915
0.66574
0.65109
0.64641
0.63779
0.69452
0.70781
0.68174
0.61632
0.60302
0.57854
0.82896
0.70812
0.68170
0.71400
0.71222
0.70257
0.66398
0.66023
0.65143
0.75043
0.71977
0.73004
0.67578
0.68157
0.68252
0.69047
0.69065
0.69093
0.66692
0.66502
0.66034
0.72787
0.72367
0.71582
0.67013
0.66473
0.66573
0.70798
0.71134
0.71130
0.71135
0.70793
0.70525
0.68745
0.69545
0.69190
0.69205
0.68634
0.68500
0.71069
0.71177
0.70702
0.67012
0.65539
0.65115
0.67642
0.68616
0.67317
0.68567
0.69023
0.69084
0.85267
0.75315
0.70593
0.69155
0.68470
0.68332
0.67889
0.69027
0.68113
0.65357
0.64536
0.63290
0.72985
0.74149
0.69500
0.67416
0.67739
0.68568
0.65466
0.65037
0.64764
0.67173
0.67886
0.65745
0.59500
0.56281
0.53615
0.97023
0.77420
0.69347
0.71947
0.72481
0.71074
0.69465
0.68643
0.69374
0.69578
0.69281
0.68972
0.66570
0.66176
0.66590
0.69638
0.69863
0.70057
0.64384
0.63316
0.62221
0.59234
0.54969
0.52131
1.28726
0.97898
0.79860
0.71655
0.69954
0.69429
0.69114
0.69242
0.69226
0.71017
0.70916
0.71045
0.69639
0.69568
0.69540
0.70015
0.69611
0.69612
0.68463
0.68922
0.68742
0.69202
0.69248
0.69105
0.70976
0.71036
0.71079
0.68137
0.67924
0.67758
0.67443
0.67359
0.67214
0.69494
0.69556
0.69171
0.70465
0.71037
0.70867
0.69104
0.68270
0.68742
0.66478
0.66564
0.66381
0.69026
0.68673
0.68809
0.69245
0.69523
0.69417
0.68051
0.68374
0.68164
0.67259
0.67381
0.66956
0.67852
0.67718
0.67629
0.70699
0.71107
0.70902
0.68776
0.68778
0.68575
0.65530
0.65431
0.63560
0.66570
0.65896
0.66372
0.68281
0.67938
0.67270
0.71537
0.73096
0.72917
0.74347
0.71525
0.66312
0.70260
0.69628
0.69560
0.67835
0.67629
0.67759
0.67460
0.67617
0.67492
0.68945
0.69035
0.68903
0.68426
0.68533
0.68445
0.67478
0.67500
0.67444
0.70806
0.70878
0.70812
0.67516
0.67547
0.67534
0.68386
0.68450
0.68448
0.69818
0.69880
0.69942
0.73421
0.73441
0.73388
0.65057
0.65058
0.65066
0.69729
0.69658
0.69706
0.68560
0.68627
0.68631
0.67338
0.67303
0.67286
0.67343
0.67338
0.67302
0.69909
0.69844
0.69892
0.70831
0.70725
0.70735
0.72194
0.72203
0.72126
0.67324
0.67301
0.67328
0.69623
0.69577
0.69598
0.74960
0.74953
0.74726
0.69824
0.69838
0.69846
0.69705
0.69761
0.69639
0.66860
0.66760
0.66762
0.66839
0.66795
0.66855
0.68456
0.68408
0.68318
0.68839
0.69026
0.69025
0.67758
0.67800
0.67869
0.65173
0.65101
0.64942
0.69272
0.69281
0.69245
0.65553
0.65411
0.65515
0.66136
0.65902
0.65579
0.69391
0.69705
0.70417
0.70585
0.70415
0.69822
0.64854
0.64461
0.64541
0.71624
0.72028
0.71457
0.67439
0.67534
0.67487
0.68992
0.68409
0.69135
0.64201
0.64842
0.64346
0.65857
0.66485
0.66068
0.72111
0.70825
0.71139
0.74848
0.73606
0.73343
0.67032
0.67547
0.67478
0.70871
0.70838
0.70721
0.69822
0.69662
0.69662
0.66474
0.66154
0.66400
0.68230
0.67992
0.67982
0.67551
0.67590
0.67686
0.65993
0.66005
0.65995
0.67635
0.67472
0.67394
0.68532
0.68308
0.68454
0.69704
0.69711
0.69773
0.68373
0.68354
0.68162
0.69432
0.69354
0.69186
0.67356
0.67383
0.67401
0.68311
0.68074
0.68441
0.74584
0.74071
0.74364
0.68251
0.68083
0.68329
0.66948
0.67036
0.66995
0.70913
0.70833
0.70612
0.69316
0.69329
0.68833
0.63805
0.63834
0.63683
0.64109
0.63594
0.63499
0.66390
0.66467
0.65566
0.76505
0.77926
0.76787
0.66024
0.66371
0.67189
0.69147
0.68718
0.68101
0.66708
0.65276
0.65254
0.65227
0.67040
0.65613
0.63915
0.63203
0.60754
0.73357
0.72148
0.69404
0.72456
0.74468
0.69163
0.69164
0.66384
0.66361
0.72110
0.72189
0.72319
0.77961
0.74489
0.73592
0.63086
0.63543
0.63876
0.63745
0.63789
0.63812
0.71413
0.71612
0.71465
0.68149
0.68167
0.68065
0.65759
0.65877
0.65691
0.70226
0.70226
0.70163
0.66520
0.66467
0.66591
0.65632
0.65527
0.65577
0.68659
0.68601
0.68681
0.70241
0.70318
0.70380
0.70210
0.70318
0.70210
0.67983
0.67949
0.67925
0.69989
0.70133
0.69934
0.66675
0.66838
0.66764
0.72483
0.72430
0.72277
0.68221
0.68013
0.67866
0.68767
0.68156
0.67409
0.66834
0.63812
0.60191
0.89884
0.85300
0.72874
0.71435
0.63557
0.62589
0.69706
0.70145
0.70106
0.70465
0.70405
0.70260
0.72269
0.72227
0.72617
0.64839
0.64953
0.65049
0.68716
0.68549
0.68446
0.70187
0.70227
0.70170
0.66658
0.66676
0.66626
0.66752
0.66917
0.66747
0.71900
0.72040
0.71838
0.73137
0.72835
0.72779
0.72595
0.72423
0.72234
0.65059
0.65170
0.65281
0.69749
0.69575
0.69630
0.72142
0.71662
0.71616
0.67500
0.67777
0.67852
0.69300
0.69375
0.69556
0.68943
0.68784
0.67791
0.65095
0.64902
0.64876
0.68470
0.68432
0.68477
0.66951
0.66922
0.66818
0.65227
0.65180
0.64869
0.64668
0.64029
0.63423
0.65628
0.66442
0.65799
0.72339
0.70500
0.69381
0.68884
0.67272
0.67225
0.69827
0.69490
0.69316
0.67330
0.66944
0.66373
0.69073
0.69306
0.67568
0.64640
0.64829
0.64180
0.69516
0.70047
0.65826
0.74599
0.71051
0.71540
0.66089
0.66367
0.66463
0.72813
0.72759
0.72786
0.66896
0.66796
0.66649
0.68875
0.68971
0.68939
0.68474
0.68434
0.68440
0.69977
0.69824
0.70085
0.68446
0.68706
0.68528
0.68452
0.68493
0.68395
0.67271
0.67205
0.67313
0.69389
0.69002
0.68861
0.69806
0.69835
0.69807
0.67209
0.67254
0.67264
0.63080
0.62978
0.62889
0.86684
0.81814
0.73468
0.73352
0.72878
0.72612
0.64618
0.64604
0.64607
0.65774
0.65747
0.65682
0.72776
0.72823
0.72748
0.65778
0.65751
0.65718
0.66965
0.66914
0.66864
0.65972
0.65864
0.65857
0.66741
0.66707
0.66700
0.70041
0.70045
0.70042
0.67140
0.67188
0.67085
0.70065
0.70060
0.70149
0.71832
0.71823
0.71858
0.62196
0.62212
0.62266
0.66674
0.66607
0.66633
0.77983
0.77828
0.77748
0.70226
0.70257
0.70280
0.68331
0.68392
0.68319
0.69871
0.69884
0.69808
0.65700
0.65621
0.65461
0.66982
0.66807
0.66871
0.70138
0.70196
0.69970
0.66890
0.66776
0.66895
0.69706
0.69687
0.69771
0.66482
0.66393
0.66277
0.73543
0.73559
0.73308
0.70442
0.70404
0.69379
0.73421
0.73679
0.69926
0.68769
0.68457
0.68375
0.72157
0.72158
0.72139
0.70189
0.70035
0.70135
0.73868
0.73813
0.73793
0.65679
0.65764
0.65735
0.61568
0.61450
0.61391
0.62663
0.62539
0.62345
0.71271
0.71307
0.71365
0.66814
0.66759
0.66747
0.70401
0.70382
0.70349
0.72610
0.72664
0.72470
0.71292
0.71183
0.71156
0.66479
0.66649
0.66523
0.68561
0.68641
0.68523
0.69605
0.69380
0.69562
0.67906
0.67905
0.67985
0.72130
0.72071
0.71848
0.67573
0.67746
0.67985
0.66714
0.67038
0.66731
0.63375
0.63230
0.63293
0.67452
0.67419
0.67524
0.71561
0.71592
0.71997
0.65804
0.65822
0.65446
0.71074
0.71320
0.70993
0.63776
0.63711
0.63629
0.72418
0.72404
0.72266
0.64417
0.63992
0.64373
0.68141
0.67832
0.68008
0.66733
0.66563
0.66923
0.61479
0.60920
0.60914
0.71845
0.71894
0.71248
0.68912
0.69078
0.68807
0.73425
0.73001
0.72903
0.70446
0.70505
0.70611
0.66946
0.66951
0.66978
0.70103
0.70121
0.69887
0.68569
0.68670
0.68596
0.69549
0.69578
0.69351
0.68729
0.68979
0.68354
0.69448
0.68912
0.69458
0.66630
0.65518
0.61791
0.74084
0.74266
0.67346
0.68469
0.68000
0.68198
0.69384
0.68950
0.69272
0.69165
0.68900
0.69695
0.64445
0.63749
0.63841
0.69355
0.69426
0.70068
0.63659
0.63436
0.62703
0.66496
0.67865
0.67929
0.67744
0.68129
0.67165
0.70222
0.69637
0.69717
0.74756
0.74230
0.73255
0.69805
0.69736
0.69157
0.73653
0.72555
0.72716
0.72580
0.72733
0.72165
0.63779
0.63839
0.63939
0.68278
0.68457
0.68220
0.69256
0.70054
0.69172
0.71441
0.72984
0.70953
0.71606
0.75633
0.70325
0.68925
0.68051
0.67169
0.71818
0.71840
0.71918
0.68450
0.68590
0.68614
0.71833
0.71865
0.71619
0.65152
0.65335
0.65198
0.71427
0.71511
0.71454
0.68818
0.68379
0.68509
0.61505
0.61610
0.61651
0.68963
0.68873
0.68824
0.66765
0.66384
0.66548
0.67867
0.68052
0.67867
0.67793
0.67641
0.67842
0.62836
0.62460
0.62196
0.60546
0.59877
0.59549
0.67100
0.67119
0.66937
0.61212
0.59897
0.59996
0.56598
0.55556
0.53479
0.76383
0.71285
0.72645
0.58567
0.60512
0.60775
0.73575
0.75191
0.73425
0.66251
0.67089
0.65441
0.70549
0.68429
0.67213
0.63668
0.64910
0.64174
0.66914
0.65330
0.66560
0.61157
0.59128
0.57735
0.76352
0.76130
0.72568
0.61257
0.61876
0.61652
0.68034
0.67617
0.68380
0.69109
0.68232
0.68805
0.67608
0.66610
0.66661
0.68545
0.68681
0.68403
0.72075
0.71869
0.72211
0.70841
0.70929
0.70747
0.66425
0.66674
0.67879
0.64961
0.65111
0.65804
0.62379
0.61715
0.63015
0.68624
0.66056
0.68386
0.76768
0.77328
0.72041
0.70641
0.70366
0.73634
0.67723
0.65152
0.65077
0.72851
0.72277
0.70205
0.68167
0.69012
0.68655
0.66803
0.65879
0.64057
0.64162
0.63099
0.61459
0.62342
0.61004
0.62373
0.92349
0.68463
0.66350
0.61136
0.59745
0.59381
0.92267
0.88503
0.82817
0.70708
0.69276
0.69573
0.68078
0.68023
0.67897
0.67468
0.67281
0.66053
0.70901
0.70024
0.70520
0.69314
0.68749
0.69024
0.71660
0.70292
0.68689
0.70668
0.69729
0.68794
0.71933
0.70488
0.70500
0.78573
0.73985
0.70056
0.73381
0.71317
0.70909
0.68819
0.68664
0.68280
0.70150
0.69485
0.69590
0.64512
0.64662
0.63897
0.68375
0.68379
0.67801
0.66763
0.66479
0.65719
0.78943
0.79108
0.78887
0.63499
0.63377
0.63547
0.62760
0.62893
0.62465
0.75878
0.75448
0.75276
0.64824
0.64354
0.65226
0.67900
0.67371
0.67860
0.68867
0.69261
0.68984
0.70296
0.67481
0.65360
1.02536
0.82613
0.71269
0.70819
0.70695
0.71217
0.64622
0.64373
0.64453
0.69017
0.69246
0.69505
0.60733
0.60138
0.59904
0.63518
0.63959
0.63341
0.79657
0.80420
0.79424
0.64823
0.64371
0.64744
0.67537
0.67529
0.67858
0.64646
0.65249
0.64760
0.66249
0.66280
0.66278
0.76418
0.76257
0.76065
0.68375
0.67537
0.67370
0.67691
0.67873
0.67835
0.71747
0.71234
0.71062
0.64877
0.64958
0.64180
0.68721
0.68485
0.67925
0.69167
0.68339
0.68507
0.66692
0.66841
0.66310
0.72877
0.73445
0.73186
0.65662
0.65103
0.65659
0.71437
0.73489
0.71989
0.78849
0.77268
0.77369
0.64889
0.65457
0.65378
0.65672
0.65285
0.66013
0.67467
0.66707
0.68336
0.64658
0.64114
0.64274
0.65883
0.65820
0.66273
0.69518
0.69178
0.69502
0.55411
0.55076
0.54380
0.67596
0.68509
0.69324
0.67738
0.67723
0.67019
0.62427
0.62416
0.62060
0.71149
0.71391
0.70284
0.64554
0.63797
0.64867
0.64779
0.66591
0.66030
0.68396
0.66485
0.66359
0.70094
0.68433
0.67521
0.61754
0.60339
0.61603
0.69390
0.67151
0.72537
0.73742
0.72916
0.71377
0.66663
0.66456
0.66287
0.78976
0.78960
0.76773
0.71689
0.70544
0.69890
0.65422
0.65987
0.65982
0.63233
0.62051
0.60618
0.68578
0.67761
0.68037
0.74909
0.75598
0.75526
0.61769
0.62689
0.61882
0.68925
0.68424
0.68073
0.68804
0.68609
0.67770
0.66599
0.66086
0.66743
0.64693
0.62512
0.62619
0.70886
0.67853
0.65061
0.70622
0.71609
0.70783
0.79501
0.80847
0.78895
0.64139
0.65241
0.64488
0.59920
0.59048
0.59817
0.60574
0.60480
0.59016
0.65435
0.66011
0.65212
0.71248
0.70476
0.71103
0.73497
0.71719
0.71122
0.71136
0.70185
0.69806
0.69414
0.69845
0.69157
0.71724
0.72186
0.72761
0.70556
0.70284
0.69957
0.66214
0.66405
0.66596
0.70223
0.70475
0.70201
0.68307
0.68499
0.67992
0.67532
0.67471
0.66934
0.69914
0.69995
0.70027
0.71120
0.71234
0.70735
0.68339
0.67644
0.68592
0.69410
0.69097
0.70098
0.68299
0.68800
0.67904
0.69502
0.68633
0.68533
0.67971
0.67827
0.66980
0.69769
0.66923
0.66846
0.65194
0.63273
0.61317
0.70798
0.71688
0.72906
0.67017
0.65854
0.67240
0.70671
0.68737
0.68561
0.68886
0.67604
0.65675
0.66635
0.67958
0.63804
0.62202
0.58087
0.56233
0.60733
0.60405
0.64389
0.73621
0.79981
0.79466
0.69314
0.78682
0.66331
0.64796
0.67855
0.62691
0.70064
0.71538
0.68603
0.66356
0.62967
0.61214
0.64061
0.61836
0.59183
0.67645
0.65792
1.83463
0.90007
0.69557
0.67508
0.67891
0.68172
0.67928
0.68575
0.68519
0.68762
0.65780
0.65318
0.64490
0.72464
0.72460
0.72404
0.72180
0.71579
0.71672
0.66880
0.66929
0.67060
0.68729
0.68825
0.68890
0.66701
0.66915
0.66384
0.69950
0.70843
0.70204
0.70629
0.70179
0.69879
0.71098
0.71272
0.71409
0.64897
0.64788
0.63671
0.71008
0.71641
0.69922
0.69297
0.65855
0.65296
0.75833
0.73290
0.72551
0.69660
0.69632
0.69050
0.68541
0.68652
0.68244
0.69119
0.69209
0.68792
0.65859
0.65723
0.64998
0.62958
0.62050
0.61641
0.70519
0.70364
0.70640
0.67937
0.68006
0.68277
0.69552
0.69109
0.69070
0.73957
0.72707
0.71841
0.68269
0.68264
0.68539
0.74431
0.77006
0.71837
0.66533
0.66399
0.66102
0.70083
0.70400
0.69495
0.68405
0.67652
0.66735
0.72419
0.73027
0.71909
0.67493
0.67216
0.66571
0.71353
0.71587
0.71741
0.72266
0.71877
0.71201
0.70165
0.69966
0.69806
0.68246
0.68516
0.68440
0.68088
0.67906
0.68259
0.69244
0.69278
0.69183
0.69491
0.69590
0.69654
0.68604
0.68619
0.68593
0.68720
0.68755
0.68626
0.69973
0.69986
0.69799
0.68224
0.68177
0.68121
0.66629
0.66624
0.66559
0.67495
0.67404
0.66918
0.68321
0.68227
0.68763
0.66119
0.66379
0.66020
0.83040
0.78769
0.73684
0.66143
0.65774
0.65721
0.66745
0.66568
0.66958
0.66390
0.66670
0.66304
0.67684
0.67868
0.67685
0.75421
0.75284
0.74979
0.69551
0.69006
0.69041
0.66962
0.67229
0.67050
0.68191
0.68166
0.68335
0.67838
0.67854
0.67926
0.66356
0.66226
0.66244
0.61472
0.61115
0.60924
0.80317
0.80370
0.79585
0.69110
0.68839
0.68888
0.68044
0.68622
0.68467
0.65124
0.65390
0.65261
0.66459
0.66380
0.65971
0.71143
0.71175
0.71331
0.68182
0.68308
0.68064
0.63472
0.62943
0.63155
0.65613
0.65685
0.65481
0.66802
0.66794
0.67440
0.70899
0.69879
0.70479
0.63975
0.63849
0.63943
0.72249
0.73775
0.71135
0.71261
0.70573
0.70069
0.73159
0.73119
0.71400
0.66652
0.66794
0.66839
0.69599
0.69523
0.69514
0.70576
0.70568
0.70613
0.67816
0.67866
0.67788
0.67921
0.67744
0.67773
0.70363
0.70466
0.70417
0.68644
0.68638
0.68574
0.67791
0.67811
0.67604
0.71630
0.71675
0.71779
0.66688
0.66678
0.66831
0.68526
0.68314
0.68541
0.67420
0.67236
0.67130
0.69672
0.69435
0.69662
0.72998
0.72899
0.72411
0.67489
0.67522
0.67467
0.65645
0.65757
0.65804
0.66203
0.66156
0.66194
0.71688
0.71713
0.71830
0.69723
0.68926
0.68800
0.67323
0.65796
0.67020
0.74810
0.73028
0.72972
0.59044
0.59220
0.57347
0.71046
0.73405
0.70840
0.78877
0.73463
0.72264
0.66069
0.66302
0.66577
0.68530
0.68724
0.68605
0.65792
0.65908
0.65761
0.68754
0.68679
0.68681
0.70492
0.70398
0.70426
0.68594
0.68604
0.68587
0.71617
0.71636
0.71658
0.71598
0.71583
0.71553
0.65509
0.65568
0.65490
0.67615
0.67460
0.67642
0.69484
0.69385
0.69360
0.68716
0.68681
0.68656
0.68796
0.68813
0.68918
0.70457
0.70328
0.70260
0.68859
0.68840
0.68840
0.66504
0.66399
0.66368
0.66845
0.66795
0.67024
0.71820
0.71856
0.71978
0.66879
0.66899
0.66515
0.69384
0.69546
0.69454
0.63817
0.63670
0.62654
0.69244
0.69376
0.68264
0.76060
0.76666
0.74088
0.66708
0.67940
0.67876
0.64188
0.65189
0.64409
0.65714
0.65848
0.64636
0.69211
0.68208
0.68178
0.68968
0.68493
0.67752
0.69216
0.68555
0.67607
0.65973
0.66167
0.65605
0.69845
0.69175
0.69876
0.61958
0.58777
0.53725
0.61616
0.60769
0.60967
1.11949
0.79121
0.70588
0.63883
0.65274
0.66128
0.69793
0.69753
0.69673
0.64991
0.65074
0.64741
0.69323
0.69305
0.69206
0.69554
0.69295
0.69499
0.67280
0.67182
0.67384
0.68862
0.68797
0.68851
0.68983
0.68843
0.69144
0.69801
0.69738
0.69844
0.68409
0.68236
0.68240
0.65347
0.65322
0.65076
0.66681
0.66692
0.66475
0.72700
0.72814
0.72846
0.68864
0.68662
0.68396
0.67629
0.67544
0.67487
0.73116
0.72886
0.73034
0.66894
0.67283
0.66289
0.69782
0.70400
0.69508
0.70573
0.70456
0.70669
0.67133
0.67216
0.66895
0.67745
0.67887
0.67878
0.69958
0.70187
0.70290
0.67473
0.67578
0.67477
0.68705
0.68448
0.68596
0.67930
0.68234
0.68127
0.69264
0.70509
0.69464
0.67944
0.68003
0.67226
0.66294
0.66037
0.65798
0.76388
0.76512
0.75504
0.70551
0.70552
0.70366
0.66833
0.66704
0.66848
0.65826
0.66029
0.65908
0.70542
0.70962
0.70882
0.67223
0.67553
0.66921
0.67247
0.67079
0.67421
0.67399
0.67456
0.67205
0.65440
0.64930
0.65057
0.61468
0.61196
0.60663
0.71120
0.70937
0.70876
0.68280
0.67627
0.67496
0.72619
0.72911
0.72581
0.71781
0.71789
0.72175
0.67714
0.67410
0.67165
0.68634
0.68240
0.68216
0.66544
0.67413
0.67660
0.66287
0.66475
0.66402
0.66756
0.65444
0.65520
0.65746
0.65622
0.65471
0.71323
0.70674
0.71133
0.65818
0.66890
0.66816
0.71156
0.68891
0.70064
0.70503
0.69223
0.68788
0.67068
0.68039
0.68158
0.66294
0.66652
0.66690
0.69454
0.68801
0.68908
0.64657
0.64582
0.64810
0.68017
0.68199
0.67953
0.69492
0.70033
0.70732
0.65527
0.66422
0.65802
0.68443
0.69264
0.68861
0.65037
0.65694
0.64443
0.70465
0.70470
0.70993
0.72327
0.71059
0.71906
0.68595
0.67095
0.68969
0.65665
0.66681
0.66780
0.62727
0.63273
0.57999
0.64905
0.67850
0.63304
0.79237
0.81139
0.77811
0.54319
0.55138
0.54880
0.60910
0.59520
0.59263
0.65321
0.65313
0.65723
0.71110
0.70883
0.69330
0.67047
0.64279
0.62460
0.70749
0.70883
0.71523
0.78814
0.75656
0.73578
0.72040
0.71220
0.70593
0.66608
0.67744
0.67940
0.66975
0.66870
0.66528
0.69454
0.69524
0.69209
0.68414
0.68753
0.68570
0.69459
0.69771
0.68845
0.67533
0.68975
0.69630
0.70370
0.69871
0.69054
0.66920
0.66693
0.64651
0.71278
0.70697
0.70199
0.66887
0.66611
0.65861
0.66952
0.67015
0.67253
0.76732
0.76914
0.76846
0.66908
0.66419
0.66308
0.71807
0.71360
0.70792
0.67130
0.66965
0.67079
0.64288
0.63222
0.62583
0.71788
0.71533
0.71485
0.69631
0.69887
0.68914
0.66114
0.66317
0.66092
0.65235
0.65863
0.65792
0.68750
0.68120
0.67966
0.70857
0.70928
0.71220
0.73535
0.72699
0.72184
0.70071
0.69951
0.69675
0.67878
0.67895
0.67855
0.70417
0.70394
0.70375
0.67099
0.67122
0.67141
0.69555
0.69522
0.69536
0.69674
0.69622
0.69664
0.70326
0.70285
0.70288
0.70362
0.70257
0.70154
0.65842
0.66074
0.65744
0.67214
0.66862
0.66853
0.71321
0.71226
0.71444
0.69570
0.69790
0.69618
0.67613
0.67978
0.67551
0.72565
0.72360
0.71363
0.66540
0.66702
0.66857
0.68630
0.68594
0.68699
0.67762
0.67734
0.67697
0.66874
0.66760
0.66822
0.66757
0.66647
0.66587
0.71448
0.71545
0.71522
0.71821
0.71748
0.71860
0.67598
0.67485
0.67501
0.70615
0.70677
0.70574
0.66272
0.66460
0.66282
0.67021
0.66867
0.66356
0.70154
0.70323
0.70181
0.65259
0.65585
0.65085
0.66607
0.69478
0.66641
0.97473
0.84451
0.75245
0.69663
0.69129
0.69396
0.67958
0.67963
0.67982
0.67290
0.67599
0.67860
0.70720
0.70147
0.70779
0.69188
0.68485
0.69276
0.67947
0.67902
0.68262
0.69788
0.69309
0.69567
0.65019
0.64208
0.63922
0.66782
0.68155
0.66554
0.64895
0.64537
0.63249
0.65617
0.64476
0.62974
0.81363
0.74449
0.68502
0.68232
0.67935
0.68529
0.63880
0.63463
0.63333
0.64457
0.63818
0.64033
0.63831
0.63722
0.63545
0.71098
0.71575
0.71201
0.69241
0.69484
0.68126
0.76747
0.74291
0.71852
0.66087
0.66341
0.66009
0.70056
0.70294
0.70242
0.68063
0.67840
0.68122
0.69596
0.69448
0.69493
0.65864
0.65804
0.64942
0.66120
0.65985
0.65285
0.77886
0.73730
0.71915
0.69951
0.69585
0.69091
0.67529
0.65260
0.64092
0.68020
0.68639
0.68945
0.64514
0.65303
0.64854
0.72767
0.70492
0.68167
0.68708
0.67377
0.66477
0.64752
0.63804
0.63780
0.71279
0.71574
0.71595
0.73430
0.73277
0.72865
0.69172
0.69146
0.69384
0.66174
0.65874
0.66399
0.69874
0.69703
0.69651
0.70710
0.70380
0.69519
0.70175
0.70233
0.70249
0.71038
0.71337
0.71511
0.68702
0.68735
0.68781
0.68051
0.67876
0.67477
0.67328
0.66709
0.66721
0.66754
0.67464
0.67323
0.71026
0.70698
0.71168
0.67274
0.67178
0.67747
0.69032
0.68884
0.68598
0.58117
0.57704
0.57066
0.69424
0.69009
0.69382
0.71142
0.71094
0.71086
0.68003
0.68037
0.67747
0.63721
0.64793
0.63776
0.71971
0.72395
0.72366
0.70051
0.69733
0.70980
0.62542
0.62812
0.62124
0.67765
0.67825
0.66976
0.72767
0.73089
0.73439
0.67413
0.67887
0.67898
0.72884
0.72612
0.72677
0.68299
0.68471
0.68019
0.67756
0.67943
0.68014
0.65920
0.65624
0.65743
0.71651
0.71719
0.71151
0.66612
0.67158
0.68118
0.62762
0.61196
0.61264
0.64305
0.61686
0.60359
0.65217
0.63946
0.64518
0.72678
0.74528
0.73276
0.90751
0.84820
0.78469
0.71726
0.71265
0.71151
0.70269
0.70230
0.70213
0.70051
0.69856
0.69869
0.69395
0.69279
0.69130
0.69648
0.69757
0.69938
0.69111
0.67767
0.68414
0.66695
0.66197
0.65838
0.67435
0.66810
0.66245
0.67609
0.67962
0.68123
0.65033
0.63017
0.61894
0.93202
0.82851
0.76774
0.63121
0.64277
0.65123
0.68342
0.68505
0.68622
0.68807
0.68878
0.68828
0.71054
0.71013
0.71096
0.68742
0.68779
0.68737
0.68827
0.68771
0.68740
0.68560
0.68621
0.68726
0.67960
0.68055
0.68015
0.68038
0.67883
0.67957
0.70021
0.69595
0.69219
0.67417
0.65827
0.65274
0.62530
0.55988
0.50854
0.94250
0.80014
0.61297
0.71557
0.68989
0.67847
0.68256
0.68408
0.68526
0.67803
0.67769
0.67815
0.66397
0.66378
0.66383
0.67197
0.67263
0.67273
0.67973
0.67939
0.67930
0.68804
0.68755
0.68673
0.65929
0.65753
0.65675
0.69427
0.69559
0.69508
0.65015
0.64709
0.64636
0.60098
0.58533
0.56396
0.66737
0.69793
0.68996
0.83895
0.80766
0.77286
0.56852
0.59159
0.60069
0.66884
0.67796
0.67516
0.65997
0.65973
0.65244
0.69109
0.69698
0.69319
0.75134
0.75689
0.74344
0.72637
0.72466
0.71532
0.73798
0.73850
0.73927
0.70039
0.69909
0.69788
0.66800
0.66715
0.66712
0.67698
0.67699
0.67614
0.66673
0.66576
0.66521
0.68412
0.68364
0.68401
0.68773
0.68830
0.68782
0.67805
0.67753
0.67752
0.66783
0.66859
0.66803
0.68290
0.68340
0.68200
0.72004
0.72047
0.72029
0.69911
0.69995
0.69899
0.68968
0.68831
0.68875
0.65582
0.65572
0.65517
0.67736
0.67677
0.67612
0.71272
0.71249
0.71337
0.67765
0.67725
0.67665
0.67190
0.67262
0.67414
0.68907
0.68871
0.68765
0.67244
0.67080
0.67011
0.72829
0.73029
0.72819
0.67469
0.67675
0.67866
0.70513
0.70408
0.70306
0.69697
0.69833
0.69820
0.68653
0.68855
0.68734
0.67273
0.67135
0.67098
0.68747
0.68355
0.68466
0.67605
0.67441
0.67159
0.69007
0.69188
0.69236
0.69518
0.69275
0.69155
0.66746
0.66359
0.66215
0.63534
0.63362
0.63188
0.67128
0.67302
0.67090
0.65090
0.65327
0.65065
0.73432
0.73181
0.73083
0.64780
0.64495
0.64729
0.73011
0.72761
0.73048
0.68162
0.68761
0.68267
0.73667
0.73174
0.72402
0.68646
0.68808
0.69083
0.68214
0.68250
0.68324
0.68950
0.68842
0.68767
0.68628
0.68427
0.68547
0.65117
0.64951
0.64446
0.69622
0.69663
0.69635
0.72563
0.72352
0.72429
0.69754
0.69702
0.69681
0.68977
0.69206
0.69068
0.66131
0.66064
0.66042
0.70010
0.69718
0.69453
0.65086
0.64489
0.62944
0.68924
0.67992
0.68086
0.66072
0.65586
0.65336
0.65748
0.65796
0.64981
0.74647
0.74646
0.74791
0.69008
0.68919
0.68653
0.74713
0.74352
0.74084
0.70815
0.70661
0.70616
0.64556
0.64376
0.64914
0.64182
0.64006
0.63680
0.68384
0.68621
0.69126
0.63189
0.62784
0.63260
0.67793
0.68400
0.67996
0.66895
0.66641
0.66911
0.70880
0.71925
0.72055
0.63614
0.64045
0.62530
0.70400
0.70210
0.71326
0.84948
0.82976
0.81014
0.66478
0.67199
0.67223
0.74139
0.75249
0.74056
0.66236
0.65881
0.66388
0.69374
0.69068
0.69168
0.67753
0.67492
0.67364
0.62004
0.62145
0.61884
0.67194
0.67106
0.67120
0.62894
0.63013
0.62421
0.69941
0.70003
0.70416
0.74211
0.74771
0.74550
0.63363
0.63359
0.63212
0.70316
0.69872
0.69762
0.65043
0.65113
0.65227
0.68541
0.69317
0.68867
0.72099
0.72315
0.71645
0.69773
0.69622
0.69639
0.71006
0.71080
0.71435
0.67655
0.68373
0.67261
0.66914
0.66996
0.67183
0.68447
0.68329
0.67863
0.66196
0.66556
0.66565
0.65604
0.65828
0.65636
0.62259
0.62137
0.62297
0.69825
0.69561
0.69373
0.64750
0.62815
0.64646
0.67176
0.66936
0.66213
0.64978
0.66165
0.66376
0.66893
0.65035
0.65224
0.69824
0.71485
0.70519
0.77294
0.73887
0.72976
0.72931
0.71746
0.71644
0.65870
0.64489
0.64244
0.63387
0.60414
0.60745
0.61399
0.61845
0.60380
0.68261
0.68502
0.68152
0.68591
0.67889
0.69173
0.68370
0.66741
0.67303
0.59145
0.59732
0.61691
0.61705
0.60415
0.60292
0.56243
0.55436
0.57346
0.88602
0.90121
0.79801
0.73726
0.74441
0.71506
0.64308
0.65391
0.63405
0.67795
0.66908
0.64452
0.69348
0.70010
0.70999
0.73144
0.73092
0.71170
0.68554
0.67441
0.65868
0.69252
0.72835
0.70646
0.62849
0.67184
0.67630
0.69876
0.65613
0.68989
0.60118
0.62397
0.60058
0.63058
0.55526
0.60868
0.64207
0.70472
0.66652
0.55496
0.42398
0.39681
1.51854
1.15421
0.79208
0.68355
0.68975
0.67848
0.69801
0.69414
0.69537
0.70592
0.70502
0.70184
0.69918
0.69134
0.68054
0.72222
0.72826
0.71868
0.68056
0.68814
0.69166
0.69830
0.69543
0.69458
0.67942
0.67860
0.68505
0.67759
0.67836
0.67612
0.67541
0.67392
0.67255
0.67076
0.67618
0.67080
0.87211
0.75421
0.68696
0.69118
0.69273
0.69255
0.69360
0.69489
0.69475
0.68994
0.68966
0.68906
0.67888
0.67864
0.67898
0.67848
0.67741
0.67784
0.70903
0.70787
0.70817
0.67103
0.67104
0.67077
0.71416
0.71451
0.71470
0.70884
0.70871
0.70928
0.66439
0.66472
0.66567
0.67966
0.68085
0.68096
0.69257
0.69282
0.69311
0.67958
0.68138
0.68085
0.68914
0.68893
0.69038
0.65462
0.65226
0.65304
0.69432
0.69406
0.69160
0.70396
0.70461
0.70278
0.69380
0.69328
0.69532
0.69358
0.69326
0.69346
0.70519
0.70603
0.70529
0.65551
0.65584
0.65451
0.68893
0.68907
0.68799
0.66944
0.66908
0.66800
0.70271
0.70314
0.70219
0.66560
0.66718
0.66573
0.65563
0.65351
0.65090
0.68505
0.68513
0.68656
0.66908
0.67070
0.66937
0.70897
0.70878
0.70925
0.70324
0.70315
0.70152
0.67761
0.68055
0.67568
0.68745
0.69054
0.69147
0.67276
0.67452
0.67189
0.66086
0.65955
0.65651
0.68195
0.68155
0.68172
0.68720
0.68757
0.68685
0.68043
0.67645
0.67670
0.71373
0.71321
0.71094
0.72681
0.71926
0.71952
0.68179
0.68108
0.68113
0.67760
0.67814
0.67977
0.70137
0.69920
0.69803
0.67698
0.67687
0.67629
0.66764
0.66708
0.66659
0.69584
0.69693
0.69643
0.67173
0.66983
0.66784
0.70873
0.71231
0.70540
0.69939
0.69709
0.69620
0.64365
0.64504
0.63658
0.69259
0.70233
0.71615
0.79039
0.76332
0.73590
0.67692
0.67758
0.67866
0.67592
0.67645
0.67630
0.65355
0.65245
0.64924
0.69468
0.69873
0.69777
0.69822
0.70042
0.70239
0.67563
0.67204
0.67313
0.67979
0.68509
0.67979
0.70129
0.70201
0.69494
0.69928
0.70103
0.69556
0.67487
0.67563
0.67719
0.66784
0.66862
0.66730
0.64565
0.64451
0.64404
0.69987
0.70328
0.70300
0.67654
0.67696
0.67669
0.68025
0.68428
0.67573
0.70133
0.70362
0.70027
0.72811
0.72667
0.72428
0.59101
0.59100
0.59023
0.68268
0.68058
0.67911
0.69431
0.70109
0.68866
0.70117
0.70495
0.69711
0.67342
0.66977
0.66839
0.64339
0.63809
0.64552
0.78438
0.79424
0.79190
0.65491
0.65066
0.64142
0.76659
0.75980
0.74562
0.69829
0.68879
0.69500
0.70674
0.70749
0.70580
0.67976
0.68248
0.67966
0.70902
0.70855
0.70013
0.68686
0.68268
0.68251
0.66540
0.66340
0.66318
0.66110
0.66137
0.66149
0.68068
0.68038
0.68045
0.67967
0.68018
0.67993
0.68536
0.68732
0.68712
0.68288
0.68180
0.67907
0.70669
0.71340
0.70966
0.66314
0.65850
0.65964
0.69570
0.69055
0.68972
0.65065
0.64993
0.65117
0.69681
0.69544
0.69135
0.66789
0.66536
0.66284
0.70142
0.69972
0.70077
0.70717
0.70824
0.70511
0.61138
0.60776
0.60363
0.68991
0.69766
0.68866
0.69645
0.68516
0.68766
0.67329
0.68452
0.68516
0.64905
0.64306
0.63712
0.69300
0.69127
0.70550
0.62918
0.61618
0.63081
0.66142
0.65558
0.66059
0.66854
0.67639
0.66093
0.75710
0.72611
0.71645
0.70459
0.70505
0.70535
0.69617
0.69442
0.69516
0.68854
0.68761
0.69005
0.67844
0.67881
0.68018
0.69760
0.69316
0.69310
0.70519
0.70012
0.70169
0.69707
0.68904
0.69303
0.67205
0.66176
0.66933
0.67042
0.67551
0.66901
0.68737
0.68293
0.67902
0.65331
0.65164
0.64946
0.70076
0.68787
0.70310
0.71035
0.71539
0.72375
0.70891
0.70649
0.69818
0.68367
0.68077
0.68240
0.68282
0.67956
0.67231
0.62431
0.61511
0.61415
0.57379
0.56750
0.55443
0.54358
0.53125
0.52297
0.83084
0.83885
0.83063
0.70753
0.68923
0.67991
0.72843
0.70117
0.70873
0.68374
0.67717
0.67712
0.67712
0.65987
0.68046
0.62709
0.62975
0.62415
0.64887
0.63727
0.63195
0.72162
0.71320
0.71169
0.92064
0.86819
0.80535
0.70520
0.69593
0.69531
0.71196
0.71129
0.71077
0.69624
0.69689
0.69586
0.68834
0.68789
0.68822
0.67866
0.67581
0.67458
0.69565
0.69731
0.69563
0.67876
0.67816
0.67684
0.68595
0.68583
0.68418
0.66270
0.65712
0.65186
0.66455
0.66292
0.65606
0.68154
0.67552
0.66470
0.63722
0.62541
0.60943
0.91652
0.81018
0.74503
0.68741
0.68629
0.68658
0.68037
0.67968
0.67982
0.68705
0.68525
0.68219
0.70821
0.70770
0.70237
0.67904
0.67778
0.67695
0.65041
0.66254
0.64761
0.63642
0.62557
0.64961
0.69190
0.68389
0.67607
0.65656
0.65982
0.65604
0.70817
0.70817
0.71504
0.67038
0.67162
0.67278
0.70623
0.70839
0.70564
0.68456
0.67930
0.68236
0.71825
0.71886
0.71769
0.70271
0.70275
0.70189
0.66055
0.65787
0.65085
0.66923
0.67224
0.66647
0.68095
0.67772
0.67623
0.64875
0.65097
0.64991
0.66019
0.65874
0.66057
0.65882
0.66349
0.66572
0.69602
0.69366
0.69291
0.69051
0.69403
0.69269
0.66207
0.65400
0.65627
0.66736
0.66992
0.66932
0.68467
0.68098
0.67382
0.65575
0.64468
0.64450
0.71677
0.70973
0.71228
0.62901
0.63849
0.63545
0.70546
0.69320
0.68955
0.57561
0.55684
0.64175
0.77775
0.60842
0.64999
0.66692
0.66227
0.67264
0.69968
0.68347
0.67676
0.65605
0.66577
0.65921
0.67591
0.70601
0.63975
0.72424
0.72651
0.68276
0.68286
0.69938
0.72372
0.53942
0.54562
0.45464
0.75764
0.67445
0.61847
0.82560
0.72381
0.72181
0.68500
0.65437
0.65567
0.78494
0.81668
0.73715
0.70459
0.70033
0.69871
0.68281
0.68380
0.68372
0.71680
0.71908
0.71075
0.70678
0.71192
0.70873
0.67349
0.67482
0.67566
0.69014
0.68820
0.69018
0.69985
0.70049
0.69895
0.68682
0.68844
0.68601
0.68953
0.68794
0.68487
0.66039
0.66544
0.66040
0.69899
0.70038
0.70092
0.67199
0.67312
0.67239
0.68940
0.68816
0.68789
0.67538
0.67403
0.67244
0.71956
0.72018
0.71860
0.67356
0.67251
0.67340
0.70273
0.70325
0.70366
0.69698
0.69769
0.69872
0.68914
0.68840
0.68654
0.65743
0.65664
0.65597
0.66316
0.66326
0.66174
0.69590
0.69591
0.69221
0.69429
0.69199
0.69340
0.71105
0.70838
0.70683
0.68857
0.69038
0.69798
0.67560
0.66687
0.67204
0.64416
0.63663
0.62982
0.68861
0.67809
0.67576
0.70148
0.70251
0.70353
0.68709
0.68752
0.68704
0.70132
0.69854
0.69693
0.70298
0.69772
0.69127
0.69223
0.70086
0.68201
0.67305
0.68033
0.67751
0.66642
0.65827
0.66062
0.67733
0.67462
0.66723
0.73417
0.73254
0.72111
0.66021
0.66085
0.66433
0.71450
0.71709
0.71609
0.67423
0.67352
0.67104
0.71185
0.71380
0.71003
0.70088
0.70441
0.70052
0.68000
0.68327
0.67921
0.68195
0.68522
0.68478
0.66423
0.66346
0.66683
0.64963
0.64694
0.64201
0.68085
0.68699
0.67708
0.64853
0.64463
0.64436
0.73011
0.73263
0.71936
0.68589
0.68572
0.68544
0.69100
0.68822
0.68712
0.71641
0.71574
0.71463
0.68677
0.68458
0.68730
0.65564
0.65320
0.64577
0.69859
0.70335
0.69878
0.71285
0.70848
0.70383
0.69904
0.69342
0.69552
0.71443
0.71129
0.70861
0.73307
0.73121
0.73018
0.68858
0.68980
0.69067
0.66266
0.66166
0.65925
0.67942
0.67749
0.67633
0.68611
0.68677
0.68571
0.72361
0.72389
0.71817
0.66330
0.66321
0.66277
0.66206
0.65928
0.64589
0.62299
0.61350
0.61193
0.58680
0.58983
0.58023
0.72987
0.72792
0.72709
0.69440
0.68537
0.68958
0.66203
0.66114
0.65814
0.65427
0.64386
0.63908
0.75572
0.73882
0.71932
0.70598
0.70591
0.70515
0.69580
0.69474
0.69288
0.70333
0.69704
0.68191
0.68887
0.73091
0.70477
0.69790
0.66931
0.65413
0.68236
0.68116
0.67965
0.66615
0.66106
0.65931
0.70588
0.69898
0.69251
0.68463
0.67976
0.67780
0.67721
0.67758
0.67774
0.71245
0.71720
0.71485
0.71543
0.71750
0.71251
0.70718
0.71256
0.71454
0.69407
0.69575
0.69631
0.66656
0.66640
0.66633
0.67241
0.66392
0.66414
0.68771
0.69226
0.68399
0.69064
0.68715
0.67945
0.68223
0.67313
0.66795
0.66036
0.65682
0.66415
0.67967
0.67183
0.67562
0.68486
0.67920
0.67681
0.65740
0.65629
0.65610
0.63114
0.62993
0.62924
0.68146
0.68473
0.68770
0.63226
0.61498
0.60375
0.71169
0.69909
0.70798
0.79434
0.78633
0.78209
0.77565
0.75507
0.74747
0.71707
0.70836
0.70471
0.68250
0.68007
0.68252
0.68324
0.68649
0.68687
0.70620
0.70839
0.70366
0.68619
0.68711
0.68681
0.66957
0.66921
0.66893
0.66441
0.66294
0.66269
0.68060
0.68057
0.68092
0.69927
0.69725
0.69879
0.69505
0.69505
0.69477
0.68615
0.68697
0.68577
0.70090
0.69956
0.69655
0.70900
0.70579
0.69650
0.71171
0.73448
0.70534
0.66273
0.66297
0.66251
0.69902
0.70118
0.70188
0.69079
0.68922
0.68658
0.66803
0.66743
0.66744
0.69117
0.68529
0.68488
0.69312
0.69537
0.69521
0.67750
0.67837
0.67812
0.68689
0.68642
0.68660
0.70512
0.70477
0.70499
0.69621
0.69674
0.69641
0.68001
0.68074
0.67820
0.72320
0.72295
0.72291
0.65398
0.65380
0.65294
0.67332
0.66964
0.67039
0.71941
0.70525
0.70741
0.69543
0.69439
0.69602
0.71347
0.71297
0.71378
0.68585
0.68558
0.68696
0.69639
0.69559
0.69633
0.67759
0.67989
0.68027
0.67909
0.67778
0.67778
0.69333
0.69438
0.69180
0.68715
0.68676
0.68828
0.67109
0.67012
0.66993
0.69426
0.69539
0.69648
0.65857
0.65905
0.65487
0.68597
0.69037
0.68345
0.67991
0.68383
0.68298
0.68028
0.68022
0.67450
0.70577
0.70584
0.70386
0.65602
0.63453
0.64974
0.66482
0.64308
0.60869
0.85613
0.81664
0.76445
0.68896
0.68993
0.68739
0.68282
0.68574
0.68408
0.66354
0.66148
0.65792
0.62864
0.62774
0.62837
0.69155
0.67566
0.68151
0.67852
0.68015
0.67764
0.70850
0.70742
0.70549
0.66982
0.66999
0.66834
0.70663
0.70840
0.70261
0.69179
0.69639
0.69163
0.66170
0.65412
0.63789
0.67848
0.67956
0.68197
0.72157
0.71927
0.71198
0.68543
0.68428
0.68580
0.68949
0.68969
0.68970
0.73033
0.72992
0.72744
0.71630
0.71600
0.71536
0.68182
0.68229
0.68250
0.68570
0.68862
0.68556
0.67910
0.67769
0.67776
0.70438
0.70404
0.70259
0.69766
0.69239
0.68974
0.69536
0.69871
0.69421
0.67814
0.67750
0.67188
0.68653
0.68663
0.68652
0.69613
0.69552
0.69531
0.66578
0.65493
0.65088
0.67651
0.67124
0.66772
0.68261
0.68291
0.67993
0.70649
0.70503
0.70498
0.67646
0.67629
0.67629
0.67222
0.67198
0.66789
0.62815
0.60160
0.56625
0.79872
0.73084
0.65744
0.62531
0.63546
0.63818
0.71712
0.68979
0.67467
0.71733
0.71632
0.71627
0.73177
0.72936
0.72912
0.69725
0.69568
0.69692
0.67692
0.67639
0.67709
0.70200
0.69893
0.70295
0.67986
0.68013
0.67719
0.69192
0.68631
0.68584
0.67818
0.68075
0.67938
0.65914
0.65783
0.66149
0.64366
0.64148
0.64479
0.65384
0.63799
0.63374
0.74024
0.73222
0.73756
0.70510
0.69169
0.68279
0.67784
0.68265
0.71216
0.86487
0.76394
0.69242
0.69612
0.67240
0.66277
0.65904
0.65563
0.65963
0.72103
0.71597
0.71503
0.68672
0.68223
0.68638
0.66157
0.66151
0.66162
0.67716
0.67886
0.67446
0.70629
0.70619
0.70610
0.67079
0.66773
0.65751
0.64261
0.64023
0.63690
0.69264
0.68905
0.69033
0.69259
0.68919
0.68921
0.63524
0.63725
0.63654
0.73688
0.72634
0.71057
0.65422
0.66129
0.66576
0.62854
0.61236
0.62170
0.70463
0.70209
0.69741
0.71173
0.73486
0.72933
0.64549
0.65273
0.65635
0.70268
0.70519
0.69776
0.68450
0.68918
0.68119
0.65296
0.62972
0.63245
0.70025
0.67299
0.66209
0.70242
0.66259
0.73558
0.73275
0.70652
0.69709
0.64537
0.65389
0.65045
0.63644
0.62292
0.63026
0.68730
0.76623
0.67512
0.66246
0.64603
0.63737
0.58738
0.56324
0.55159
0.81045
0.64133
0.58907
0.67197
0.64314
0.65839
0.69333
0.71237
0.68881
0.64302
0.64449
0.61524
0.74711
0.74483
0.72531
0.62858
0.67384
0.64921
0.67166
0.65520
0.64606
0.68899
0.69844
0.68099
0.67078
0.65224
0.65484
0.66406
0.66341
0.61902
0.69201
0.67454
0.68351
0.64977
0.64839
0.62714
0.71481
0.69098
0.68550
0.67419
0.68464
0.63226
0.67156
0.65775
0.81908
0.67104
0.66166
0.66117
0.66196
0.64222
0.67748
0.69408
0.65737
0.64012
0.66024
0.69413
0.59803
0.88145
0.70468
0.63196
0.58370
0.60638
0.64766
0.51515
0.44153
0.49195
0.82942
0.73460
0.66755
0.62646
0.69708
0.64643
0.61713
0.60541
0.59733
0.71147
0.71339
0.70704
0.69186
0.67304
0.68273
0.70567
0.70426
0.70465
0.67883
0.67858
0.67436
0.66796
0.66339
0.66293
0.67485
0.67372
0.67550
0.69623
0.68532
0.67352
0.69522
0.69099
0.68145
0.68296
0.67831
0.69269
0.70045
0.69593
0.69112
0.64825
0.66956
0.65756
0.75178
0.73310
0.72071
0.70868
0.70797
0.70707
0.71625
0.71312
0.71402
0.68472
0.67657
0.67133
0.67734
0.65852
0.60679
1.00287
0.98019
0.74518
0.67755
0.67972
0.67899
0.67132
0.67428
0.66785
0.66451
0.66378
0.66490
0.63067
0.63086
0.62068
0.61065
0.61103
0.60202
0.76392
0.77217
0.74958
0.70913
0.69005
0.68252
0.69653
0.69686
0.69655
0.68668
0.68640
0.68667
0.65940
0.65895
0.65922
0.68725
0.68805
0.68601
0.67934
0.67535
0.66899
0.69104
0.69301
0.69035
0.74268
0.74060
0.73809
0.69984
0.69692
0.69665
0.69024
0.69030
0.69014
0.67449
0.67290
0.67234
0.67795
0.67206
0.66834
0.67734
0.67175
0.66544
0.69211
0.69437
0.69945
0.66139
0.66286
0.65764
0.72720
0.72085
0.73217
0.63248
0.63410
0.62997
0.68439
0.69064
0.67765
0.65496
0.65104
0.63134
0.69967
0.69339
0.68610
0.67246
0.64995
0.65992
0.64476
0.66612
0.65144
0.59176
0.63086
0.61732
0.67956
0.82546
0.70001
0.64804
0.57846
0.60546
0.71154
0.69498
0.70347
0.63964
0.63970
0.65853
0.70046
0.62802
0.72739
0.69250
0.62091
0.62361
0.57552
0.66515
0.65507
0.70337
0.69785
0.68653
0.68709
0.70044
0.66726
0.59741
0.55939
0.58045
0.59513
0.67024
0.64253
0.49456
0.48273
0.45790
0.53061
0.44908
0.52922
0.47139
1.55125
0.68470
0.55812
0.70298
0.80413
0.88717
0.73201
0.67265
0.67684
0.68960
0.69149
0.70519
0.69936
0.69820
0.70268
0.70600
0.70427
0.68460
0.68455
0.68316
0.67051
0.67726
0.67263
0.67835
0.68031
0.68053
0.67092
0.66887
0.66898
0.67426
0.66962
0.67026
0.70452
0.70420
0.70642
0.63937
0.63332
0.63144
0.65618
0.63507
0.62058
0.78002
0.77379
0.76098
0.76826
0.71629
0.70553
0.69544
0.69343
0.69242
0.70939
0.69552
0.69531
0.69302
0.69340
0.69425
0.68094
0.68146
0.68133
0.68402
0.68369
0.68365
0.69895
0.69941
0.69924
0.67822
0.67776
0.67750
0.67768
0.67719
0.67664
0.67265
0.67250
0.67183
0.68267
0.68233
0.68200
0.68843
0.68794
0.68787
0.68783
0.68813
0.68824
0.68796
0.68818
0.68779
0.69527
0.69467
0.69474
0.68107
0.68130
0.68104
0.70210
0.70274
0.70212
0.69434
0.69411
0.69461
0.69458
0.69433
0.69445
0.68145
0.68182
0.68164
0.68796
0.68787
0.68798
0.70127
0.70108
0.70105
0.66149
0.66123
0.66120
0.69480
0.69471
0.69493
0.68105
0.68083
0.68093
0.67376
0.67383
0.67370
0.70872
0.70891
0.70898
0.68061
0.68006
0.67997
0.67978
0.68021
0.67960
0.68540
0.68426
0.68189
0.71057
0.70919
0.70815
0.69693
0.69466
0.69442
0.67913
0.67943
0.68055
0.67695
0.67917
0.67759
0.74281
0.74308
0.74254
0.69255
0.69288
0.69370
0.69605
0.69644
0.69651
0.69628
0.69700
0.69674
0.67392
0.67369
0.67384
0.68142
0.68049
0.68148
0.69428
0.69403
0.69345
0.68728
0.68609
0.68719
0.69262
0.69306
0.69187
0.66142
0.66269
0.66072
0.65051
0.64843
0.63980
0.69849
0.69705
0.69839
0.68579
0.68656
0.68641
0.71321
0.71275
0.71276
0.66087
0.66348
0.66410
0.70320
0.70135
0.70159
0.68728
0.68682
0.68625
0.71822
0.71753
0.71446
0.65862
0.65947
0.66044
0.66684
0.66385
0.66190
0.70037
0.70076
0.70102
0.66937
0.66823
0.66799
0.68189
0.67668
0.67344
0.66799
0.67231
0.66846
0.68677
0.68534
0.68915
0.66051
0.65918
0.65055
0.75062
0.75210
0.74361
0.69461
0.68723
0.68889
0.66252
0.65909
0.66287
0.67741
0.67436
0.67780
0.71733
0.72107
0.72134
0.68148
0.67310
0.67442
0.69512
0.69896
0.69502
0.66519
0.67175
0.66589
0.66283
0.66480
0.67088
0.67944
0.66590
0.66987
0.66519
0.66963
0.66190
0.62228
0.63552
0.61220
0.79641
0.79062
0.78626
0.67287
0.67784
0.65904
0.64534
0.63887
0.63529
0.73202
0.72314
0.69987
0.66010
0.68492
0.66397
0.69539
0.68680
0.66784
0.66488
0.64791
0.64368
0.55292
0.56620
0.51559
0.74675
0.78444
0.71389
0.64932
0.66995
0.66157
0.69235
0.67641
0.68838
0.67835
0.67698
0.67595
0.69124
0.68503
0.68089
0.66334
0.64366
0.64377
0.70157
0.70422
0.68775
0.77566
0.76765
0.75251
0.68019
0.66416
0.68034
0.66767
0.67945
0.67907
0.66620
0.66894
0.65313
0.79455
0.76055
0.70172
0.68532
0.67730
0.67247
0.67885
0.68119
0.67433
0.68591
0.68669
0.68301
0.63446
0.63135
0.63177
0.72943
0.73956
0.74272
0.69259
0.68099
0.69257
0.73763
0.73878
0.73128
0.69545
0.69390
0.70146
0.67790
0.67410
0.68160
0.69736
0.70114
0.70000
0.67335
0.67559
0.67462
0.67281
0.66604
0.66434
0.72250
0.72034
0.71902
0.69466
0.69235
0.68974
0.72782
0.72555
0.72471
0.71464
0.71147
0.71342
0.69831
0.70048
0.69932
0.69221
0.69485
0.69295
0.65759
0.65489
0.65166
0.66119
0.66316
0.65786
0.67391
0.67509
0.66902
0.70215
0.69908
0.69661
0.61720
0.60654
0.60626
0.67965
0.68267
0.68567
0.68279
0.67616
0.67781
0.71668
0.73094
0.72813
0.69611
0.69758
0.68508
0.65396
0.65062
0.65012
0.62714
0.62359
0.63057
0.70844
0.70156
0.68296
0.59754
0.61970
0.58775
0.65633
0.63619
0.63828
0.61038
0.59098
0.60932
0.74558
0.75063
0.71014
0.64794
0.65751
0.67074
0.68337
0.68328
0.68368
0.67614
0.67746
0.67417
0.73851
0.72349
0.71566
0.65466
0.66151
0.64949
0.70511
0.69385
0.69719
0.68962
0.69089
0.69023
0.73639
0.73070
0.71911
0.68889
0.69682
0.69215
0.69656
0.68577
0.68657
0.69678
0.70034
0.69301
0.67116
0.66739
0.66712
0.68520
0.68614
0.68684
0.69335
0.69455
0.69727
0.67630
0.67738
0.67643
0.70535
0.71295
0.70995
0.67627
0.67646
0.67563
0.65303
0.64176
0.64860
0.66841
0.64308
0.63019
0.74022
0.73205
0.72647
0.76105
0.75724
0.73619
0.72061
0.70793
0.71130
0.64864
0.64969
0.65021
0.69606
0.69616
0.69600
0.71428
0.71344
0.71259
0.68599
0.68768
0.68546
0.68233
0.68176
0.68121
0.68960
0.68871
0.67451
0.70693
0.71760
0.70262
0.67586
0.67806
0.67753
0.68279
0.68236
0.68525
0.68103
0.68234
0.68315
0.66625
0.66668
0.66262
0.71553
0.71516
0.71483
0.65558
0.65473
0.65306
0.68337
0.68552
0.68183
0.68599
0.68510
0.67338
0.64254
0.64834
0.64473
0.62483
0.62287
0.60309
0.76086
0.78231
0.73410
0.64576
0.66601
0.64638
0.67990
0.70226
0.68238
0.66818
0.67863
0.67223
0.65951
0.68780
0.65830
0.57987
0.64199
0.59495
0.77086
0.74761
0.66585
0.93700
0.86627
0.71044
0.68653
0.67554
0.66584
0.66713
0.66602
0.63574
0.68076
0.64942
0.61559
0.54116
0.58354
0.51217
0.77053
0.69953
0.49960
0.60276
0.65696
0.64721
0.66466
0.60506
0.68217
0.79745
0.72922
0.72814
0.73082
0.71806
0.71347
0.68137
0.67661
0.67588
0.70036
0.70002
0.69199
0.69666
0.69401
0.68764
0.70770
0.70321
0.70892
0.68561
0.68426
0.68246
0.69402
0.69485
0.69659
0.68437
0.68553
0.68772
0.68295
0.68067
0.67966
0.68359
0.68515
0.67533
0.69826
0.69578
0.69482
0.66471
0.65639
0.64920
0.62410
0.61024
0.60258
0.65670
0.64826
0.62209
0.69439
0.70101
0.70157
0.71708
0.69203
0.68301
0.67118
0.67106
0.66085
0.68793
0.69050
0.68519
0.69513
0.69867
0.68795
0.68290
0.68970
0.68795
0.64674
0.65466
0.64623
0.62613
0.62145
0.62394
0.74835
0.74150
0.72883
0.70066
0.70187
0.69689
0.70088
0.70093
0.69757
0.65159
0.65039
0.64729
0.65835
0.64753
0.65479
0.80170
0.79152
0.78150
0.71928
0.71171
0.69380
0.67699
0.67898
0.67938
0.69090
0.69045
0.69199
0.69202
0.68826
0.69233
0.70290
0.70364
0.70148
0.68275
0.67850
0.65794
0.68128
0.67869
0.68380
0.76130
0.76620
0.73697
0.72574
0.71182
0.70444
0.68728
0.68842
0.68813
0.68704
0.68716
0.68680
0.66941
0.66915
0.66632
0.67992
0.67958
0.67862
0.69510
0.69705
0.69694
0.66771
0.66803
0.66526
0.65717
0.65731
0.65010
0.67456
0.67576
0.67602
0.69994
0.70060
0.70319
0.72324
0.71880
0.72019
0.72011
0.71425
0.71109
0.69128
0.69505
0.69266
0.68972
0.68897
0.68917
0.71050
0.71631
0.70901
0.67014
0.67746
0.67400
0.69899
0.69427
0.69482
0.66378
0.66049
0.66262
0.68014
0.67752
0.67776
0.67768
0.68147
0.67669
0.69491
0.69774
0.69375
0.69702
0.69675
0.69842
0.69745
0.69155
0.69661
0.63079
0.62907
0.62455
0.67247
0.66664
0.66305
0.67451
0.67520
0.66673
0.69097
0.68951
0.68830
0.69393
0.69414
0.69418
0.67922
0.67938
0.67956
0.67952
0.67926
0.67819
0.67780
0.67725
0.67655
0.70245
0.70408
0.70269
0.68017
0.67466
0.67056
0.65579
0.64615
0.62834
0.68676
0.70879
0.68549
0.71763
0.68399
0.68781
0.66610
0.65557
0.63021
0.70001
0.70021
0.64174
0.65990
0.64558
0.65221
0.66601
0.66390
0.66410
0.73274
0.73139
0.73135
0.63111
0.62740
0.62382
0.68721
0.68986
0.68185
0.70445
0.70140
0.69783
0.67747
0.67902
0.67404
0.72414
0.72524
0.71888
0.67854
0.67713
0.67728
0.72191
0.72532
0.71909
0.70487
0.70474
0.70488
0.70376
0.70348
0.70196
0.68375
0.68028
0.68282
0.67861
0.67828
0.67943
0.69578
0.69569
0.69555
0.69457
0.69509
0.69526
0.68338
0.68237
0.68253
0.69066
0.68794
0.68673
0.66873
0.65976
0.63568
0.62649
0.57759
0.53725
1.10813
0.95662
0.77384
0.72077
0.68945
0.69007
0.69621
0.69738
0.70053
0.67610
0.67707
0.67583
0.72788
0.73689
0.72741
0.68803
0.69039
0.68864
0.67198
0.67343
0.66969
0.67554
0.67242
0.67052
0.68148
0.68006
0.67588
0.63630
0.63516
0.62556
0.68528
0.67212
0.66807
0.73186
0.71837
0.72243
0.69284
0.68854
0.69151
0.69787
0.69372
0.70014
0.66617
0.67529
0.67615
0.64827
0.65771
0.65392
0.68455
0.68819
0.69520
0.67422
0.65493
0.66321
0.66336
0.65538
0.65585
0.76155
0.76030
0.75522
0.61653
0.62105
0.62787
0.64153
0.64571
0.65259
0.67424
0.67314
0.68770
0.52629
0.50848
0.48523
0.65680
0.66664
0.68950
0.64580
0.57335
0.61697
0.70995
0.69127
0.67103
0.62395
0.63330
0.61134
0.72749
0.64878
0.64231
0.65813
0.63315
0.67458
0.74669
0.65465
0.68930
0.69773
0.70810
0.63205
0.92076
0.77815
0.77173
0.63197
0.61609
0.63868
0.60540
0.61649
0.62491
0.59212
0.59375
0.52214
0.64976
0.62003
0.54909
0.58556
0.53978
0.68215
0.66698
0.62355
0.56750
0.58635
0.57821
0.62320
0.68203
0.70441
0.67136
0.56785
0.56208
0.61329
0.70039
0.69184
0.68384
0.64491
0.67114
0.65507
0.69786
0.68242
0.68167
0.62172
0.64314
0.69261
0.63563
0.60812
0.60836
0.63447
0.83258
0.64839
0.67817
0.68748
0.69925
0.66118
0.65693
0.67233
0.70185
0.71282
0.71693
0.70379
0.70453
0.71415
0.67243
0.64878
0.65962
0.65832
0.64478
0.64669
0.70146
0.71578
0.66599
0.63925
0.64784
0.61590
0.63559
0.63349
0.59805
0.72688
0.72417
0.72718
0.60753
0.61290
0.58743
0.73850
0.68702
0.70634
0.57578
0.51184
0.63881
0.55996
0.64947
0.46193
0.60092
0.55690
0.71058
0.67421
0.56369
0.72695
0.63846
0.60303
0.59059
0.51370
0.65716
0.56006
0.67843
0.65248
0.66768
0.67198
0.66143
0.59664
0.63601
0.60703
0.60207
0.61749
0.55889
0.51527
0.70094
0.66667
0.65489
0.60825
0.58206
0.46769
0.55403
0.60820
0.62247
0.52885
0.48960
0.45606
0.61488
0.53767
0.50202
0.64974
0.72821
0.77090
0.59461
0.53932
0.61207
0.62268
0.63869
0.65133
0.55048
0.51141
0.52051
0.63202
0.55570
0.52322
0.40947
0.45318
0.52858
0.59661
0.51911
0.64550
0.68309
0.59349
0.57716
1.00806
0.76657
0.64886
0.56485
0.56035
0.54706
0.83100
0.80578
0.76138
0.70600
0.69696
0.69765
0.72537
0.71600
0.68962
0.66540
0.65854
0.71266
0.66449
0.67971
0.69642
0.69343
0.72501
0.65988
0.69007
0.67471
0.68218
0.68425
0.68092
0.67906
0.71257
0.71464
0.69094
0.67812
0.66861
0.65700
0.81542
0.79536
0.73694
0.72464
0.70461
0.70097
0.66608
0.65626
0.63645
0.69639
0.69454
0.68876
0.65434
0.64258
0.63540
0.58765
0.51739
0.53792
0.67265
0.65055
0.65524
0.63857
0.60852
0.59632
0.69881
0.69294
0.69431
0.79654
0.79775
0.78920
0.62984
0.63513
0.65301
0.66217
0.66996
0.66493
0.61068
0.59207
0.60031
0.63656
0.60883
0.63178
0.69416
0.65373
0.68829
0.81666
0.78654
0.79120
0.58708
0.56931
0.58130
0.77070
0.78807
0.76051
0.59529
0.58998
0.60574
0.68205
0.66493
0.64082
0.69678
0.69986
0.65734
0.83969
0.81253
0.79046
0.73258
0.72248
0.71637
0.67539
0.66863
0.67555
0.70220
0.70808
0.70838
0.73604
0.73454
0.71906
0.67140
0.67208
0.67431
0.70020
0.70102
0.70062
0.68647
0.68739
0.68628
0.69456
0.69439
0.69531
0.67767
0.67801
0.67322
0.67816
0.67265
0.66540
0.72114
0.70246
0.70496
0.67844
0.67036
0.67912
0.74474
0.71521
0.70979
0.69890
0.69410
0.68389
0.69326
0.69692
0.69837
0.68858
0.68729
0.68710
0.68242
0.68122
0.67921
0.67781
0.68093
0.67900
0.68188
0.68352
0.68135
0.71265
0.71137
0.71271
0.69924
0.69909
0.70113
0.68272
0.68370
0.68749
0.67009
0.67666
0.67014
0.68629
0.68465
0.68289
0.65940
0.65178
0.65709
0.71350
0.70366
0.69744
0.68037
0.67765
0.67825
0.66832
0.66752
0.68037
0.66563
0.66164
0.66789
0.66999
0.68097
0.66193
0.69379
0.69966
0.72128
0.67161
0.65300
0.64968
0.63810
0.64394
0.63340
0.66310
0.68099
0.67949
0.64810
0.67107
0.66701
0.67218
0.64115
0.64736
0.66357
0.67275
0.66346
0.76129
0.76218
0.75108
0.70145
0.69932
0.72418
0.67583
0.66908
0.66855
0.67113
0.66112
0.65462
0.69582
0.69642
0.71239
0.70839
0.70986
0.70300
0.66133
0.66925
0.66691
0.66393
0.68040
0.65937
0.67872
0.68764
0.66337
0.67339
0.65137
0.64903
0.61356
0.59088
0.57344
0.57494
0.53050
0.95044
0.77773
0.72780
0.68624
0.62936
0.63212
0.66312
0.67389
0.66109
0.66828
0.67615
0.69534
0.67301
0.69741
0.71134
0.69612
0.67937
0.68231
0.67532
0.67805
0.67597
0.66673
0.67482
0.66291
0.65633
0.66077
0.66920
0.65537
0.67822
0.68064
0.68403
0.70912
0.70930
0.69617
0.63237
0.63708
0.60769
0.63001
0.62944
0.61937
0.62366
0.68100
0.56722
0.69878
0.71922
0.69658
0.58722
0.59475
0.57702
0.53756
0.57125
0.53911
0.47210
0.47869
0.44031
0.83210
0.88362
0.76407
0.62149
0.69336
0.67372
0.61519
0.64281
0.65961
0.68377
0.64777
0.58442
0.56875
0.54266
0.54420
0.68107
0.61554
0.63823
0.55576
0.48550
0.62867
0.49453
0.86530
0.61420
0.47562
0.60219
0.49802
0.78893
0.61844
0.55877
0.96306
0.75447
0.66164
0.63986
0.67683
0.63491
0.67144
0.66730
0.64221
0.56450
0.53441
0.51883
0.72907
0.79415
0.77721
0.63353
0.66223
0.64880
0.61350
0.58633
0.60444
0.56870
0.56010
0.53734
0.64833
0.60187
0.61564
0.57468
0.60563
0.71047
0.47778
0.53790
0.47397
0.71380
0.65094
0.58962
0.60009
0.55054
0.53710
0.58231
0.61980
0.55562
0.58941
0.55762
0.59253
0.70779
0.64740
0.58792
0.47927
0.63199
0.50230
0.53339
0.90712
0.44585
0.95827
0.71810
0.78526
0.55572
0.56422
0.54558
0.57832
0.58799
0.56382
0.61238
0.54623
0.52996
0.59417
0.59338
0.62047
0.69142
0.54099
0.77870
0.69933
0.63186
0.64232
0.45480
0.46176
0.46570
0.69950
0.71435
0.73109
0.73809
0.70215
0.67281
0.64345
0.65213
0.66988
0.70757
0.70371
0.70232
0.65714
0.66304
0.66316
0.61785
0.62502
0.65633
0.65766
0.65077
0.64127
0.69640
0.67621
0.64907
0.64177
0.65032
0.64508
0.76281
0.72386
0.71308
0.69586
0.68255
0.67303
0.70787
0.70462
0.70539
0.70333
0.69115
0.69003
0.66033
0.65825
0.65949
0.66561
0.68349
0.68253
0.65847
0.65719
0.66124
0.67797
0.67847
0.67745
0.72303
0.71382
0.70157
0.64794
0.64762
0.64381
0.71335
0.71295
0.72754
0.70447
0.70210
0.70035
0.67762
0.69653
0.68386
0.69563
0.69895
0.68997
0.68856
0.69639
0.69522
0.66848
0.66413
0.67232
0.69571
0.69670
0.69554
0.68351
0.68655
0.68660
0.68565
0.68620
0.68628
0.66365
0.66109
0.65747
0.68023
0.66768
0.66041
0.65470
0.64477
0.66001
0.72926
0.66972
0.67767
0.71559
0.70966
0.70480
0.68947
0.68430
0.68366
0.66121
0.66188
0.66306
0.65433
0.65626
0.63576
0.66089
0.66091
0.67312
0.67379
0.66470
0.65473
0.63426
0.61097
0.56092
0.89554
0.78624
0.75231
0.70273
0.69308
0.69091
0.62901
0.64465
0.64182
0.68309
0.67715
0.68815
0.68251
0.68654
0.70221
0.71495
0.71600
0.71407
0.62986
0.60936
0.60470
0.62057
0.60934
0.58915
0.58638
0.57499
0.52623
0.71430
0.79539
0.70208
0.68865
0.74340
0.73148
0.76852
0.72171
0.71272
0.65344
0.65828
0.66748
0.70733
0.71339
0.70583
0.64768
0.65162
0.64379
0.67181
0.65939
0.66139
0.63596
0.64790
0.69478
0.68123
0.66735
0.69404
0.61836
0.64671
0.63883
0.63888
0.61898
0.66393
0.65831
0.62311
0.59713
0.62390
0.61111
0.65256
0.67537
0.55153
0.64270
0.61473
0.63889
0.57085
0.68054
0.66197
0.62242
0.57701
0.63169
0.58189
0.62273
0.58029
0.53964
0.73914
0.71330
0.62589
0.59423
0.54272
0.61970
0.67771
0.61704
0.57680
0.52727
0.41796
0.45329
0.77238
0.88260
0.74034
0.56273
0.58807
0.53255
0.53677
0.53695
0.52375
0.58663
0.54584
0.56669
0.75941
0.61476
0.72203
0.43427
0.49994
0.52675
0.60534
0.74630
0.72410
0.53813
0.81279
0.84033
0.34277
0.43676
0.37805
0.70012
0.65137
0.69147
0.66290
0.68518
0.59539
0.57613
0.58014
0.60350
0.62949
0.58608
0.58845
0.65563
0.65615
0.66458
0.61520
0.61420
0.64478
0.60100
0.66275
0.64229
0.55299
0.52781
0.55844
0.59161
0.63865
0.64220
0.54797
0.57817
0.63233
0.51097
0.55193
0.57201
0.66466
0.60923
0.63535
0.50966
0.49321
0.53803
0.57773
0.58124
0.52129
0.49436
0.51917
0.51517
0.47428
0.49347
0.57717
0.61529
0.51086
0.49633
0.48334
0.46248
0.44679
0.57616
0.41956
0.50705
0.40668
0.44522
0.47870
0.60648
0.89519
0.95077
0.51621
0.42091
0.45016
0.45846
0.54295
0.53559
0.58883
0.57181
0.40486
0.44537
0.49266
0.59007
1.47080
0.83318
0.64693
0.62861
0.58633
0.54679
0.72234
0.74442
0.67037
0.64544
0.66264
0.69459
0.67580
0.72230
0.64021
0.66059
0.69723
0.64411
0.65539
0.61885
0.62227
0.66033
0.68677
0.66867
0.64879
0.65816
0.65937
0.64534
0.66528
0.65362
0.61734
0.63106
0.62030
0.60460
0.58068
0.57481
0.63292
0.64492
0.61766
0.61194
0.81077
0.70325
0.58697
0.62994
0.57686
0.54263
0.53592
0.53505
0.56278
0.53348
0.51531
0.65700
0.67926
0.59009
0.72151
0.62658
0.75001
0.62435
0.58210
0.60662
0.68409
0.73103
0.68791
0.53480
0.56584
0.52740
0.59767
0.55834
0.60345
0.49703
0.40238
0.49995
0.52575
0.49480
0.52328
0.57339
0.77755
0.44233
0.51754
0.45954
0.47130
0.43621
0.51043
0.63649
0.35422
0.41719
0.35489
0.36059
0.55910
0.59464
0.31256
0.38709
0.18643
1.14805
0.87319
0.66338
0.45120
0.69234
0.44363
0.38363
0.42932
0.45785
0.59869
0.62624
0.63888
0.50766
0.60180
0.48728
0.58518
0.66934
0.62564
0.64529
0.66518
0.58452
0.60576
0.64474
0.70132
0.60076
0.61590
0.58962
0.54548
0.48631
0.55968
0.42473
0.56545
0.42777
0.61336
0.49325
0.46998
0.38457
0.54849
0.45430
0.94910
0.61354
0.59695
0.52533
0.41017
0.50227
0.47229
0.47185
0.35354
0.44610
0.33205
0.55152
0.42944
0.38608
0.63742
0.60019
0.71631
0.61332
0.43201
0.39013
0.45878
0.54340
0.68366
0.31724
0.51517
0.54773
0.50975
0.53947
0.47115
0.46464
0.45970
0.46867
0.43459
0.48274
0.54433
0.53660
0.40491
0.42805
0.45852
0.63253
0.74243
0.37226
0.62566
0.59345
0.45562
0.51646
0.57729
0.66605
0.71784
0.73670
0.76318
0.71190
0.61192
0.46965
0.59560
0.62037
0.72715
0.57264
0.51339
0.54904
0.45634
0.54294
0.52969
0.58466
0.60135
0.51313
0.57507
0.58299
0.59798
0.59559
0.46258
0.48352
0.54625
0.40961
0.46992
0.49896
0.45752
0.51311
0.63609
0.52173
0.57363
0.51629
0.30775
0.29132
0.69987
0.64206
0.65435
0.33753
0.42284
0.36137
0.52200
0.44781
0.55332
0.33676
0.52747
0.62321
0.48199
0.49183
0.34780
0.42627
0.38076
0.38338
0.43087
0.46157
0.55514
0.52615
0.42435
0.49286
0.39285
0.45787
0.45922
0.30265
0.29208
0.34559
0.38291
0.27594
0.44783
0.36183
0.40217
0.67717
0.34605
0.44625
0.55645
0.51769
0.42624
0.35244
1.10003
0.59111
0.42544
0.43941
0.39280
0.36044
0.51316
0.42079
0.46270
0.48115
0.45754
0.41516
0.87539
0.76619
0.61546
0.51965
0.51451
0.46603
0.54497
0.52999
0.49243
0.46616
0.49457
0.53665
0.65862
0.83805
0.80810
0.65708
0.40151
0.37216
0.58603
0.52927
0.50228
0.51893
0.38933
0.42562
0.56538
0.53303
0.49908
0.52615
0.53811
0.48145
0.34891
0.47226
0.31547
0.47549
0.56041
0.25800
0.12750
0.09119
0.16864
0.28811
0.23670
0.27953
0.37573
0.35502
0.39445
0.49196
0.77977
0.49569
0.26215
0.42028
0.65245
0.61086
0.52694
0.38935
0.45222
0.57203
0.52870
0.37856
0.28594
0.27111
0.63072
0.45863
0.61798
0.69634
0.79331
0.64884
0.51175
0.60685
0.50451
0.56239
0.56158
0.50704
0.46595
0.45459
0.53209
0.50995
0.65962
0.37412
0.41103
0.45280
0.53836
0.52483
0.40988
0.31489
0.56418
0.55722
0.60808
0.43085
0.38335
0.32259
0.29281
0.29377
0.35893
0.44338
0.40789
0.45827
0.73881
0.42510
0.46316
0.33106
0.33091
0.40608
0.47661
0.32884
0.40189
0.26772
0.37604
0.33065
0.31967
0.62067
0.45224
0.58380
0.45072
0.33821
0.28067
0.21742
0.33099
0.81434
0.64241
0.77064
0.43370
0.48005
0.50838
0.45063
0.30912
0.34165
0.35642
0.43274
0.42596
0.26466
0.32836
0.42030
0.40493
0.50597
0.33915
0.57154
1.03599
0.45476
0.63079
0.60906
0.50481
0.47802
0.32807
0.38487
0.51802
0.38119
0.41893
0.41790
0.32946
0.36683
0.55061
0.53768
0.51628
0.42414
0.42457
0.44963
0.32035
0.23537
0.23225
0.44298
0.35624
0.25940
0.36947
0.33960
0.36450
0.43475
0.55864
0.57503
0.23056
0.24774
0.56745
0.60619
0.51534
0.28721
0.27327
0.21592
0.19036
0.34115
0.24236
0.41450
0.38761
0.27653
0.25828
0.33012
0.38415
0.24837
0.34216
0.25386
0.19274
0.31341
0.26094
0.13302
0.23590
0.36540
0.30113
0.26276
0.51020
0.37078
0.30905
0.24504
0.23290
0.46737
0.58185
0.66590
0.45543
0.38983
0.47019
0.51632
0.48196
0.38676
0.50042
0.53635
0.32536
0.38944
0.19257
0.31045
0.31179
0.39105
0.32642
0.30142
0.62543
0.37569
0.35828
0.36396
0.57782
0.32644
0.32634
0.22890
0.28094
0.27011
0.33002
0.46960
0.46222
0.43561
0.21449
0.26677
0.32308
0.42168
0.40682
0.56674
0.34175
0.32151
0.33593
0.42371
0.32383
0.59879
0.13429
0.34765
0.62677
0.38218
0.31431
0.27602
0.29886
0.47765
0.32012
0.42107
0.54954
0.36740
0.28237
0.23919
0.29336
0.29978
0.10693
0.14872
0.56600
0.35371
0.34914
0.20887
0.21887
0.55977
0.30065
0.47473
0.52391
0.25372
0.18571
0.44467
0.14595
0.24887
0.24338
0.16650
0.30021
0.24174
0.34169
0.38212
0.26767
0.27862
0.21055
0.18657
0.26142
0.14112
0.16214
0.29384
0.29288
0.32433
0.15542
0.16124
0.13867
0.17742
0.28606
0.37013
0.37421
0.39731
0.27874
0.28098
0.32464
0.27622
0.16836
0.36475
0.22088
0.41170
0.42050
0.46060
0.31686
0.55756
0.49641
0.22700
0.20757
0.45398
0.35081
0.21776
0.18423
0.30752
0.15828
0.32960
0.18605
0.26135
0.13739
0.24247
0.18958
0.09349
0.38842
0.18611
0.24494
0.19426
0.06623
0.09782
0.24090
0.11038
0.19067
0.10394
0.18502
0.57976
0.24378
0.21553
0.25149
0.08873
0.09783
0.10145
0.30701
0.27518
0.29379
0.07155
0.15275
0.25646
0.20309
0.20248
0.09419
0.31957
0.46355
0.04186
0.20230
0.30640
0.08525
0.11114
0.12810
0.03087
0.07923
0.37695
0.19092
0.38572
0.28689
0.12727
0.22366
0.21307
0.19315
0.09700
0.16425
0.08864
0.29506
0.27687
0.43601
0.24320
0.27258
0.20966
0.41239
0.14083
0.09968
0.19205
0.12342
0.24028
0.45820
0.24352
0.21721
0.28380
0.45652
0.06895
0.29196
0.36751
0.39189
0.32439
0.21656
0.17557
0.58648
0.48332
0.25674
0.38903
0.56454
0.26277
0.21397
0.38255
0.20481
0.39518
0.28897
0.34035
0.13806
0.10598
0.16418
0.25398
0.24657
0.19842
0.06985
0.29174
0.29158
0.11386
0.32797
0.12890
0.24428
0.08941
0.04896
0.24734
0.11938
0.14534
0.17719
0.09809
0.20004
0.23716
0.16223
0.33093
0.46194
0.36120
0.28075
0.33468
0.11627
0.27001
0.43989
0.92684
0.44906
0.28760
0.31331
0.29314
0.26360
0.23044
0.20716
0.15836
0.16067
0.14265
0.34711
0.39306
0.27550
0.23281
0.37935
0.30531
0.44442
0.30688
0.17582
0.15958
0.27303
0.23716
0.18045
0.14254
0.47888
0.16747
0.31539
0.13902
0.08236
0.20066
0.16152
0.35351
0.06352
0.50307
0.24519
0.25068
0.07083
0.09776
0.04644
0.15291
0.23008
0.15542
0.06881
0.04392
0.08626
0.06277
0.11049
0.11706
0.14314
0.16906
0.13060
0.04383
0.10208
0.14872
0.10291
0.10618
0.03312
0.01745
0.41023
0.27556
0.05191
0.05340
0.15343
0.19980
0.00250
0.00887
0.12824
0.06019
0.02260
0.06182
0.12669
0.11501
0.19972
0.07121
0.22056
0.13647
0.15437
0.40013
0.21880
0.19821
0.31292
0.08498
0.33566
0.28652
0.14112
0.29627
0.27803
0.06956
0.19313
0.09699
0.11103
0.78039
0.23438
0.16995
0.23187
0.20530
0.35076
0.09281
0.22339
0.15977
0.09405
0.04912
0.13256
0.12710
0.02399
0.04786
0.09599
0.05398
0.37838
0.09661
0.06530
0.13929
0.29501
0.12349
0.20013
0.19857
0.24207
0.54572
0.04991
0.05454
0.08801
0.08870
0.37740
0.06284
0.34768
0.04889
0.07620
0.09296
0.16249
0.07054
0.23063
0.04579
0.03642
0.12105
0.11092
0.13517
0.13127
0.05770
0.18804
0.14404
0.23157
0.16141
0.13328
0.41534
0.36623
0.31899
0.15031
0.15762
0.23449
0.37865
0.18036
0.18556
0.07589
0.06532
0.36849
0.18819
0.10226
0.36603
0.11623
0.16275
0.20093
0.14089
0.04293
0.14470
0.08940
0.05635
0.22638
0.30578
0.14068
0.07973
0.03615
0.02866
0.15864
0.12512
0.16014
0.11807
0.14739
0.29818
0.05760
0.17034
0.05328
0.09462
0.12774
0.14909
0.03364
0.02925
0.08739
0.03787
0.05446
0.05096
0.04858
0.06123
0.00696
0.00616
0.03405
0.00872
0.07001
0.02919
0.00400
0.00522
0.00220
0.00236
0.02194
0.00714
0.00264
0.01446
0.00871
0.00208
0.04235
0.11690
0.00430
0.08520
0.00427
0.11048
0.07842
0.01271
0.00553
0.14657
0.00368
0.12103
0.00425
0.01226
0.01859
0.08796
0.04213
0.09432
0.00072
0.04994
0.00435
0.06218
0.04593
0.21357
0.03047
0.00944
0.02275
0.01179
0.00410
0.04536
0.00187
0.04867
0.00749
0.00082
0.00571
0.01035
0.07320
0.04642
0.04922
0.01629
0.01697
0.00592
0.07319
0.01774
0.01261
0.03294
0.02930
0.04261
0.05354
0.02243
0.14900
0.01040
0.00451
0.00784
0.00450
0.01320
0.00337
0.00043
0.12150
0.00352
0.04376
0.00651
0.00377
0.07152
0.14669
0.01918
0.26710
0.00666
0.01700
0.00444
0.16447
0.00051
0.47770
0.02259
0.00600
0.27047
0.06441
0.02618
0.01480
0.03026
0.04645
0.02156
0.02242
0.04432
0.02748
0.05071
0.08105
0.16463
0.08189
0.00978
0.02241
0.11164
0.20489
0.03490
0.00968
0.02707
0.01131
0.00760
0.00652
0.40028
0.69465
0.00240
0.01558
0.01299
0.01314
0.32630
0.04517
0.01411
0.47455
0.64228
0.20975
0.30139
0.14097
0.56135
0.43317
0.44873
0.75401
0.07127
0.09051
0.33264
0.16894
0.19383
0.26633
0.19113
0.36790
0.22373
