0.53274
0.58631
0.53571
0.58631
0.62500
0.65476
0.62798
0.65179
0.63393
0.66964
0.68452
0.70536
0.66369
0.67857
0.66369
0.68155
0.71726
0.68750
0.72619
0.69643
0.70238
0.72917
0.72321
0.69048
0.71429
0.74107
0.73214
0.75595
0.76786
0.78571
0.75298
0.76786
0.77381
0.78274
0.77083
0.78869
0.80655
0.79762
0.81845
0.82143
0.79464
0.80952
0.84226
0.84524
0.83333
0.83333
0.84524
0.83036
0.86905
0.85417
0.86607
0.87202
0.87202
0.88690
0.89881
0.89583
0.89881
0.92560
0.91369
0.91071
0.93452
0.93155
0.94048
0.93452
0.96131
0.95833
0.94345
0.94345
0.94643
0.96726
0.95833
0.97024
0.97024
0.97321
0.98214
0.96726
0.97024
0.97619
0.98214
0.98810
0.99107
0.98810
0.97619
0.98214
0.99107
0.99107
0.99107
0.98810
0.98810
0.98214
0.99405
0.98512
0.99405
0.99107
1.00000
0.99702
1.00000
0.98214
0.99107
1.00000
