0.30114
0.23295
0.06818
0.10795
0.12500
0.14773
0.00000
0.00568
0.06250
0.06250
0.00000
0.00000
0.00568
0.07386
0.05114
0.03977
0.06250
0.06818
0.00000
0.08523
0.32386
0.03977
0.11364
0.00000
0.00000
0.00000
0.00000
0.01705
0.00000
0.09091
0.00000
0.00000
0.11364
0.00000
0.01705
0.14205
0.00000
0.00000
0.00000
0.01136
0.13068
0.15909
0.00000
0.00000
0.01136
0.02273
0.00000
0.19886
0.07955
0.00000
0.01136
0.04545
0.00568
0.02841
0.00000
0.00568
0.11364
0.00000
0.31818
0.10227
0.00000
0.18182
0.00000
0.00000
0.00000
0.13636
0.00000
0.05682
0.15909
0.16477
0.00000
0.00000
0.02273
0.11364
0.29545
0.46023
0.34091
0.00000
0.13636
0.00000
0.36364
0.46591
0.23295
0.00000
0.48864
0.61932
0.63068
0.71023
0.71023
0.70455
0.75000
0.81250
0.86932
0.91477
0.94886
0.94886
0.97727
0.96023
1.00000
0.97727
