1.32862
20.34110
1.12307
2.72202
1.12679
1.39339
1.42911
0.66597
0.71796
1.51574
1.28338
0.80495
0.87943
0.71605
0.66935
0.63983
0.81738
0.69256
0.85538
0.69484
0.65525
0.61602
0.71366
0.83158
0.74182
0.87746
0.65761
0.66585
0.66200
0.77997
0.70589
0.69181
0.70846
0.75460
0.75329
0.72036
0.79114
0.78567
0.68276
0.70506
0.72996
0.68322
0.69410
0.76920
0.72350
0.65056
0.70536
0.74899
0.84822
0.76359
0.65668
0.74535
0.84955
0.83825
0.63367
0.63556
0.62860
0.86017
0.81388
0.62835
0.80608
0.87627
0.77966
0.64043
0.69839
0.70818
0.74944
0.73816
0.73269
0.66987
0.67070
0.71107
0.67316
0.67404
0.66848
0.68878
0.69556
0.72898
0.69185
0.67323
0.71047
0.70059
0.69310
0.67491
0.69601
0.68341
0.68707
0.72333
0.68872
0.68652
0.69554
0.67991
0.69865
0.68374
0.68956
0.68383
0.71860
0.68200
0.72368
0.70487
0.67327
0.71253
0.69288
0.69199
0.68793
0.67896
0.67326
0.69870
0.65926
0.71291
0.72335
0.69027
0.67735
0.63959
0.83932
0.83542
0.72922
0.68916
0.67627
0.74640
0.67778
0.69148
0.69183
0.74413
0.69801
0.69218
0.65015
0.64923
0.59902
0.66973
0.71800
0.73402
0.62859
0.60224
0.61514
1.14403
0.98946
0.80504
0.74459
0.70668
0.71535
0.68247
0.67487
0.68895
0.80838
0.78590
0.74320
0.74503
0.69141
0.65581
0.72558
0.75433
0.75680
0.70322
0.66509
0.68069
0.67799
0.67136
0.67621
0.74118
0.71568
0.71538
0.68519
0.69452
0.67261
0.73152
0.70275
0.69092
0.67398
0.67883
0.68876
0.74508
0.72907
0.72689
0.69785
0.69119
0.69555
0.66445
0.65509
0.65308
0.71439
0.71455
0.71394
0.66723
0.67210
0.68662
0.67360
0.66468
0.67194
0.65040
0.66308
0.64495
0.73337
0.75217
0.72269
0.72263
0.71401
0.70969
0.67980
0.68274
0.68216
0.68393
0.68435
0.67801
0.67749
0.67930
0.67350
0.66985
0.66548
0.66693
0.68948
0.68293
0.68770
0.69094
0.68839
0.69443
0.72146
0.71902
0.70998
0.72137
0.72117
0.72399
0.66991
0.67084
0.67252
0.65872
0.66527
0.66062
0.70123
0.70286
0.69999
0.73315
0.72767
0.72397
0.70345
0.70715
0.70177
0.69944
0.69690
0.69906
0.67932
0.68106
0.67893
0.67928
0.68568
0.68137
0.68967
0.68509
0.68507
0.69470
0.68877
0.68609
0.66729
0.66822
0.66185
0.69188
0.69540
0.69078
0.67816
0.67902
0.67318
0.68453
0.68300
0.68587
0.68592
0.69001
0.68679
0.67624
0.67981
0.67678
0.66208
0.66153
0.65124
0.69230
0.69407
0.69738
0.68742
0.67305
0.68131
0.71063
0.71190
0.70937
0.72485
0.71693
0.71638
0.67833
0.67817
0.67545
0.65768
0.65698
0.66090
0.68414
0.68625
0.67622
0.67980
0.68155
0.68434
0.71741
0.70965
0.70735
0.68174
0.67648
0.67404
0.69868
0.69514
0.69221
0.68279
0.67744
0.68264
0.66767
0.66604
0.67856
0.77711
0.77155
0.76098
0.70768
0.69391
0.69714
0.68789
0.68276
0.68394
0.68656
0.68738
0.68700
0.70569
0.70518
0.70545
0.65090
0.64503
0.64643
0.69747
0.69674
0.69672
0.69492
0.69865
0.69692
0.70163
0.70160
0.70211
0.65402
0.64713
0.65161
0.73810
0.73817
0.73731
0.67525
0.67319
0.67772
0.67462
0.67383
0.67592
0.68720
0.68570
0.68837
0.65464
0.65747
0.65503
0.67251
0.67056
0.67295
0.69737
0.69594
0.69631
0.70763
0.70670
0.70537
0.66069
0.66612
0.66381
0.68926
0.68562
0.68682
0.69593
0.69836
0.69881
0.66940
0.66822
0.66947
0.74142
0.73981
0.73800
0.66054
0.65778
0.66256
0.65986
0.67140
0.67510
0.67979
0.67954
0.67464
0.64853
0.64422
0.64676
0.69727
0.69602
0.69797
0.68617
0.68428
0.68395
0.73887
0.73951
0.74084
0.69782
0.69770
0.69596
0.72087
0.72321
0.72547
0.67077
0.67083
0.66938
0.65372
0.65911
0.65698
0.68157
0.68231
0.68307
0.69496
0.69338
0.69155
0.68607
0.68686
0.68385
0.68522
0.68547
0.68541
0.69400
0.69344
0.69614
0.65445
0.65659
0.65587
0.69763
0.69290
0.69163
0.73407
0.73406
0.72806
0.66514
0.66990
0.67045
0.69064
0.68376
0.69169
0.68433
0.68468
0.68510
0.76686
0.71096
0.71189
0.67118
0.66553
0.66114
0.71271
0.70999
0.70908
0.71245
0.71246
0.71303
0.71240
0.71062
0.70983
0.69919
0.69718
0.69958
0.69752
0.70105
0.70159
0.70149
0.69105
0.69218
0.69472
0.69733
0.69046
0.65877
0.66011
0.66027
0.69324
0.69986
0.69558
0.65962
0.66039
0.66141
0.71824
0.71862
0.71097
0.69066
0.68309
0.66640
0.69572
0.69621
0.70057
0.61014
0.63009
0.62322
0.82594
0.70989
0.67193
0.72418
0.69474
0.68110
0.63938
0.63480
0.63165
0.57009
0.54611
0.51524
1.07203
0.86933
0.75149
0.67096
0.67870
0.68054
0.64447
0.64579
0.64836
0.69861
0.69761
0.70113
0.68447
0.68511
0.68252
0.68232
0.68518
0.68440
0.67249
0.67173
0.66960
0.68433
0.68147
0.68768
0.65135
0.64735
0.64171
0.72190
0.71857
0.71412
0.76039
0.75086
0.74353
0.69912
0.70044
0.69755
0.68055
0.67574
0.67950
0.67636
0.67804
0.67671
0.69910
0.69869
0.69083
0.67843
0.67436
0.66862
0.68468
0.68561
0.68326
0.76429
0.76303
0.76233
0.68362
0.68435
0.68339
0.72349
0.72206
0.72317
0.67402
0.67186
0.67313
0.66225
0.66196
0.66119
0.67115
0.67204
0.67151
0.69658
0.69537
0.69586
0.67058
0.67112
0.67203
0.66052
0.66038
0.66012
0.70870
0.71065
0.71062
0.68418
0.68308
0.68418
0.67501
0.67308
0.67402
0.67258
0.67285
0.67112
0.64688
0.64586
0.64397
0.68647
0.68623
0.68625
0.71276
0.71334
0.71278
0.61013
0.60909
0.60755
0.65237
0.65291
0.65260
0.68555
0.68722
0.68389
0.68520
0.68405
0.68258
0.70364
0.70355
0.70158
0.73891
0.73704
0.73801
0.71982
0.71725
0.71877
0.69443
0.69246
0.69357
0.68707
0.68878
0.68785
0.71397
0.71328
0.71401
0.72472
0.72530
0.72233
0.70719
0.70661
0.70489
0.68795
0.68798
0.68811
0.71408
0.71080
0.70787
0.66875
0.66899
0.66802
0.68525
0.67944
0.67760
0.69180
0.69367
0.69092
0.66584
0.66695
0.66466
0.66503
0.66161
0.66244
0.66678
0.66525
0.66263
0.64431
0.64351
0.64207
0.66891
0.66898
0.66844
0.71219
0.71338
0.71526
0.68346
0.68212
0.68331
0.74991
0.75007
0.74875
0.76367
0.76118
0.75937
0.68803
0.68852
0.68825
0.67511
0.67303
0.67478
0.65656
0.65630
0.65443
0.68217
0.68346
0.68277
0.72598
0.72486
0.72593
0.68474
0.68426
0.68573
0.65967
0.66057
0.65999
0.69687
0.69754
0.69847
0.67227
0.67319
0.67341
0.65694
0.65526
0.65769
0.71641
0.71350
0.71119
0.65646
0.65580
0.65527
0.67147
0.66965
0.67175
0.64001
0.63951
0.63873
0.69565
0.69716
0.69619
0.69893
0.69795
0.70003
0.65521
0.65612
0.65495
0.66426
0.66440
0.66502
0.66927
0.66912
0.66831
0.70063
0.70357
0.70279
0.66617
0.66591
0.66483
0.71069
0.71373
0.71144
0.66068
0.66221
0.65968
0.72841
0.72773
0.72629
0.62397
0.62850
0.62438
0.62657
0.62530
0.62554
0.66872
0.66898
0.66641
0.61555
0.61253
0.61005
0.65809
0.65948
0.66025
0.66019
0.66069
0.66090
0.72425
0.72754
0.72597
0.65905
0.65722
0.65690
0.66310
0.66242
0.66130
0.71455
0.71482
0.71410
0.67761
0.67947
0.67958
0.70503
0.70261
0.70032
0.79963
0.79409
0.78880
0.70278
0.70065
0.69976
0.69551
0.69112
0.68797
0.69847
0.69817
0.69207
0.67791
0.68262
0.68967
0.79759
0.74928
0.74146
0.67901
0.67153
0.67176
0.72924
0.72417
0.73148
0.68058
0.67934
0.67909
0.68141
0.68049
0.68079
0.67307
0.67277
0.67141
0.72560
0.72488
0.72471
0.73305
0.73533
0.73248
0.70207
0.69840
0.69901
0.68702
0.68562
0.68460
0.66197
0.66621
0.66595
0.67793
0.66491
0.66566
0.66114
0.64222
0.65277
0.68051
0.67573
0.67172
0.65192
0.65301
0.65142
0.82432
0.76805
0.73242
0.69177
0.68781
0.68510
0.69603
0.69384
0.69467
0.69726
0.69809
0.70006
0.64388
0.64460
0.64353
0.66470
0.66448
0.66106
0.68963
0.69044
0.68951
0.65115
0.64814
0.64836
0.73859
0.73698
0.73126
0.65216
0.65401
0.65609
0.75234
0.74845
0.74498
0.72226
0.71954
0.72006
0.65472
0.65432
0.65545
0.63754
0.63705
0.63587
0.64827
0.64682
0.64891
0.70287
0.70304
0.70340
0.66548
0.66691
0.66550
0.70009
0.69887
0.68864
0.62675
0.62951
0.61977
0.87896
0.79096
0.73039
0.64482
0.64460
0.64484
0.70544
0.70490
0.70529
0.65157
0.65054
0.65254
0.68752
0.68444
0.68491
0.63410
0.63260
0.63140
0.66122
0.66051
0.66058
0.65358
0.65504
0.65365
0.68130
0.68167
0.68306
0.64072
0.64150
0.64062
0.66189
0.66153
0.66110
0.70132
0.70255
0.70257
0.69089
0.68958
0.68754
0.79250
0.78874
0.77889
0.63401
0.63732
0.63821
0.65198
0.65808
0.65569
0.67155
0.66717
0.66992
0.74520
0.73801
0.72664
0.70368
0.68249
0.66387
0.63499
0.62581
0.67027
0.64817
0.61127
0.60845
0.72014
0.71940
0.71327
0.66339
0.66915
0.66848
0.69763
0.69579
0.69855
0.62678
0.62350
0.61834
0.66184
0.66079
0.65920
0.70514
0.70543
0.70484
0.67927
0.67823
0.67805
0.71106
0.70986
0.70985
0.68201
0.68187
0.68335
0.64779
0.64675
0.64595
0.70139
0.69988
0.70027
0.66262
0.66477
0.66149
0.66443
0.66274
0.66338
0.61263
0.61118
0.60993
0.71396
0.70999
0.71041
0.69015
0.68971
0.69003
0.68408
0.68244
0.68255
0.69824
0.69850
0.69734
0.71309
0.71411
0.71404
0.64788
0.64707
0.64805
0.76123
0.76107
0.76109
0.68791
0.69011
0.68711
0.74311
0.74333
0.74053
0.72356
0.72859
0.72402
0.67587
0.67318
0.68428
0.65969
0.66230
0.64952
0.67290
0.66909
0.66377
0.66972
0.67022
0.66927
0.65370
0.65297
0.65152
0.70198
0.70384
0.70087
0.65126
0.65153
0.65114
0.63785
0.63230
0.63127
0.62901
0.62127
0.61987
0.67526
0.66995
0.66743
0.75450
0.75296
0.74913
0.68342
0.68298
0.68020
0.63914
0.63737
0.63764
0.71103
0.71172
0.71199
0.70567
0.70356
0.70250
0.67620
0.67553
0.67379
0.73702
0.73572
0.73602
0.66151
0.66066
0.66220
0.71622
0.71741
0.71747
0.63027
0.62990
0.63026
0.72833
0.73313
0.72590
0.69328
0.69277
0.68880
0.71684
0.71435
0.71309
0.66639
0.66495
0.66573
0.67758
0.68262
0.68102
0.71233
0.71551
0.71050
0.70245
0.70091
0.68313
0.67827
0.67553
0.67630
0.69314
0.69895
0.68218
0.59635
0.60725
0.57290
0.79585
0.78740
0.71922
0.94949
0.72640
0.65112
0.62016
0.61940
0.61627
0.77575
0.77601
0.77404
0.63195
0.63168
0.63113
0.68138
0.68129
0.68531
0.70256
0.70386
0.70124
0.66492
0.66479
0.66349
0.68604
0.68570
0.68577
0.73947
0.73955
0.72961
0.73704
0.73316
0.73305
0.67929
0.68364
0.67659
0.72559
0.71818
0.72741
0.67525
0.67127
0.66551
0.67339
0.69387
0.67568
0.66734
0.65866
0.66121
0.70084
0.70454
0.70245
0.72531
0.72852
0.71786
0.61021
0.60617
0.59904
0.66745
0.66664
0.66204
0.68619
0.67921
0.69209
0.71829
0.72295
0.72695
0.76460
0.73591
0.72473
0.68533
0.68668
0.68297
0.60961
0.60797
0.60153
0.71607
0.71559
0.71430
0.60315
0.60349
0.60210
0.67855
0.67685
0.67781
0.69528
0.69477
0.69441
0.71679
0.71480
0.71263
0.68319
0.68582
0.68177
0.65745
0.65482
0.65811
0.73467
0.73340
0.73262
0.70097
0.70033
0.69897
0.64694
0.64556
0.64850
0.63213
0.63036
0.62789
0.72125
0.72697
0.72482
0.70993
0.70789
0.70326
0.63215
0.63080
0.62763
0.66612
0.66736
0.66327
0.73088
0.72611
0.72830
0.71819
0.71614
0.71557
0.70290
0.70520
0.70045
0.67158
0.67097
0.67213
0.70458
0.70529
0.70577
0.70011
0.69866
0.69875
0.69680
0.69747
0.69691
0.68408
0.68285
0.68450
0.70803
0.70743
0.70673
0.66852
0.66541
0.66710
0.70602
0.70974
0.71005
0.72646
0.72737
0.72527
0.70270
0.70357
0.69988
0.68619
0.68545
0.68435
0.68158
0.68508
0.68190
0.69594
0.69653
0.70078
0.70050
0.70322
0.70304
0.69757
0.69876
0.69397
0.66371
0.66078
0.66237
0.63046
0.62456
0.61973
0.60132
0.60130
0.59883
0.72561
0.72915
0.72896
0.68554
0.68728
0.68742
0.61561
0.61698
0.61492
0.67095
0.67215
0.66908
0.65369
0.64812
0.64949
0.73927
0.73506
0.73336
0.68744
0.68987
0.68901
0.64629
0.64511
0.64349
0.68562
0.68773
0.68515
0.76983
0.76668
0.76404
0.67831
0.67820
0.68064
0.66814
0.67263
0.67001
0.68434
0.68368
0.68223
0.67776
0.67499
0.67354
0.67011
0.67008
0.67054
0.69209
0.69596
0.69635
0.67315
0.67252
0.67103
0.63009
0.62594
0.62400
0.62719
0.62466
0.62356
0.66171
0.66149
0.66074
0.70189
0.70558
0.70289
0.65350
0.64981
0.64815
0.69446
0.69395
0.69485
0.66725
0.66575
0.66747
0.68126
0.68231
0.67873
0.72737
0.72197
0.72435
0.70014
0.70420
0.69632
0.69621
0.68044
0.68410
0.65367
0.64560
0.62788
0.80952
0.73520
0.71905
0.69515
0.68136
0.67643
0.71360
0.71164
0.71429
0.71105
0.70838
0.70878
0.69408
0.68968
0.69158
0.71466
0.71493
0.71280
0.69450
0.69949
0.69805
0.69037
0.69462
0.68732
0.76049
0.74252
0.73131
0.68875
0.67398
0.66573
0.65476
0.65376
0.65366
0.69669
0.70245
0.70019
0.60204
0.60288
0.60043
0.70932
0.70425
0.71035
0.68645
0.68598
0.68477
0.65757
0.65497
0.65345
0.74679
0.74765
0.73821
0.69761
0.69422
0.69619
0.68334
0.68309
0.68274
0.71849
0.71822
0.71922
0.68885
0.69001
0.69093
0.67477
0.67717
0.67713
0.65399
0.65170
0.65090
0.71454
0.71542
0.71740
0.65460
0.65599
0.65565
0.70689
0.70710
0.70650
0.64448
0.64502
0.64335
0.69871
0.69875
0.69747
0.66426
0.66157
0.66016
0.71359
0.71465
0.71023
0.67563
0.67430
0.67482
0.67108
0.67033
0.66965
0.63329
0.63474
0.62703
0.62695
0.62208
0.62998
0.67042
0.67005
0.66834
0.72649
0.72739
0.73142
0.79838
0.79867
0.78882
0.76772
0.75914
0.75212
0.67598
0.67478
0.67386
0.68082
0.68467
0.68041
0.69837
0.70016
0.70246
0.68452
0.67587
0.66929
0.69298
0.69699
0.69335
0.68311
0.68194
0.67932
0.69600
0.69314
0.69092
0.70586
0.69801
0.68741
0.78277
0.75184
0.68592
0.67282
0.67708
0.68459
0.70696
0.71001
0.70813
0.68355
0.68049
0.67885
0.68263
0.67953
0.67979
0.66182
0.66139
0.66058
0.65326
0.65290
0.65326
0.60268
0.59687
0.58519
0.75648
0.77152
0.76074
0.71967
0.71064
0.70747
0.66355
0.66287
0.66513
0.69005
0.68780
0.68974
0.68723
0.68888
0.68790
0.63053
0.62775
0.62776
0.73214
0.73003
0.73256
0.67711
0.67651
0.67408
0.63918
0.64357
0.63645
0.75402
0.75305
0.74780
0.73581
0.74028
0.73473
0.70415
0.69904
0.69842
0.65783
0.65546
0.65798
0.73791
0.73641
0.73736
0.70942
0.71209
0.71120
0.66894
0.66858
0.66938
0.66066
0.66044
0.66132
0.70145
0.70118
0.69910
0.63940
0.63784
0.63501
0.65250
0.64961
0.64994
0.73212
0.73501
0.73111
0.63660
0.63803
0.64014
0.73053
0.72907
0.72700
0.63141
0.63262
0.63330
0.70180
0.69770
0.70032
0.68222
0.68468
0.68292
0.62123
0.62315
0.62178
0.65121
0.64914
0.64447
0.70319
0.70313
0.70171
0.62140
0.62299
0.62120
0.74860
0.75015
0.75195
0.67674
0.67832
0.67021
0.75112
0.74205
0.73659
0.69013
0.69414
0.69518
0.72142
0.71995
0.71867
0.62073
0.61889
0.62057
0.69487
0.69707
0.69047
0.67348
0.67173
0.67341
0.63904
0.63568
0.62490
0.64157
0.63772
0.64123
0.65979
0.65581
0.66112
0.76678
0.76460
0.76436
0.73387
0.73115
0.72709
0.69817
0.69454
0.68904
0.73141
0.72933
0.72154
0.69357
0.70486
0.70099
0.66992
0.67865
0.67383
0.66677
0.67446
0.66908
0.68496
0.67688
0.66188
0.69799
0.69749
0.69867
0.65577
0.65118
0.64446
0.64682
0.63690
0.63207
0.67488
0.67764
0.67776
0.69823
0.70212
0.69916
0.64461
0.64675
0.64520
0.83757
0.83276
0.80089
0.70628
0.70028
0.69872
0.70483
0.70606
0.70446
0.67710
0.67739
0.68068
0.68779
0.69050
0.68926
0.64757
0.64201
0.63818
0.64996
0.63889
0.63286
0.81683
0.81164
0.73709
0.65736
0.67132
0.67115
0.68061
0.68212
0.67739
0.70142
0.69813
0.69994
0.68640
0.68795
0.68809
0.68433
0.69039
0.68685
0.66739
0.66944
0.66618
0.68345
0.68645
0.67986
0.67450
0.67662
0.68162
0.67797
0.68093
0.68365
0.73676
0.74630
0.71644
0.64632
0.64829
0.64339
0.70228
0.70039
0.70041
0.69128
0.69182
0.69016
0.70176
0.70240
0.69988
0.66420
0.66797
0.66594
0.70114
0.70076
0.70138
0.75143
0.74585
0.74037
0.66130
0.66631
0.66561
0.66503
0.66689
0.65956
0.65255
0.64653
0.64326
0.69684
0.69678
0.69179
0.69124
0.68937
0.69141
0.65123
0.65322
0.65103
0.63170
0.62807
0.62785
0.69656
0.69652
0.70002
0.69355
0.69681
0.69563
0.65799
0.65881
0.66122
0.77253
0.76880
0.76445
0.67856
0.67675
0.67672
0.66186
0.66198
0.66187
0.68493
0.68519
0.68429
0.78966
0.78712
0.78148
0.70239
0.70019
0.70046
0.64752
0.64931
0.64869
0.69898
0.69900
0.69861
0.66028
0.65961
0.66105
0.68240
0.68139
0.68009
0.65397
0.65316
0.65461
0.65605
0.65376
0.65163
0.75856
0.75643
0.75271
0.71259
0.71479
0.71272
0.68464
0.67866
0.67948
0.69357
0.69301
0.69345
0.65371
0.65249
0.65267
0.69547
0.69399
0.69418
0.65454
0.65348
0.65312
0.73716
0.74029
0.73785
0.66861
0.66619
0.66766
0.68367
0.68917
0.68816
0.70545
0.70419
0.70029
0.73777
0.73206
0.73714
0.67842
0.68577
0.67816
0.68462
0.68966
0.68321
0.65682
0.65773
0.65470
0.68202
0.68138
0.67454
0.65060
0.64945
0.64630
0.68857
0.68923
0.68791
0.65866
0.66215
0.65998
0.61659
0.61287
0.60891
0.71533
0.71729
0.71774
0.70926
0.70155
0.70628
0.69368
0.69541
0.69079
0.64681
0.63766
0.63877
0.68631
0.68688
0.68275
0.64805
0.65645
0.65167
0.73730
0.74102
0.73671
0.67964
0.67977
0.68016
0.63714
0.63964
0.63466
0.65088
0.64970
0.64644
0.65140
0.64493
0.63929
0.70891
0.70546
0.71349
0.67735
0.67719
0.67090
0.64497
0.64523
0.64569
0.68245
0.67452
0.68152
0.61210
0.62456
0.61931
0.76983
0.75509
0.77927
0.75978
0.76091
0.73993
0.64361
0.67537
0.66834
0.66382
0.67218
0.65486
0.65424
0.64729
0.64520
0.64854
0.65347
0.68056
0.69791
0.68589
0.69398
0.66129
0.68447
0.67958
0.68181
0.69521
0.66820
0.71285
0.71620
0.70599
0.68824
0.70082
0.69402
0.64919
0.65598
0.64319
0.60280
0.58911
0.59703
0.67953
0.67444
0.67434
0.66005
0.66384
0.66127
0.70706
0.70534
0.70022
0.67854
0.67771
0.68381
0.65670
0.65355
0.65693
0.63504
0.62529
0.60388
0.65062
0.65439
0.65679
0.78011
0.76457
0.74597
0.68007
0.68458
0.69832
0.67922
0.66831
0.64814
0.72258
0.72018
0.68531
0.72595
0.69965
0.67418
0.70401
0.70081
0.70314
0.72896
0.73039
0.72835
0.64060
0.64074
0.64047
0.63034
0.62869
0.63084
0.63751
0.63569
0.64036
0.71821
0.71317
0.71299
0.70747
0.69954
0.68569
0.69144
0.69644
0.69589
0.67268
0.66974
0.67117
0.68708
0.68718
0.68743
0.64180
0.63826
0.63847
0.67535
0.67046
0.66761
0.73017
0.73630
0.73138
0.66739
0.67114
0.66943
0.74842
0.74949
0.74229
0.65615
0.65870
0.65783
0.65065
0.65797
0.64731
0.65115
0.65155
0.64272
0.63290
0.63204
0.62710
0.79376
0.79797
0.79224
0.68091
0.68077
0.68231
0.59366
0.59351
0.58064
0.57211
0.56654
0.55705
0.77708
0.76712
0.75716
0.65007
0.64871
0.65406
0.63215
0.62987
0.62413
0.64268
0.63944
0.63252
0.77781
0.80322
0.77596
0.62260
0.62973
0.62692
0.74277
0.74547
0.73644
0.64752
0.64668
0.64246
0.71677
0.71246
0.71961
0.71446
0.71156
0.71574
0.65526
0.65634
0.65493
0.67158
0.66769
0.67016
0.69037
0.68588
0.68857
0.70434
0.72190
0.70162
0.69466
0.69916
0.68789
0.68017
0.67596
0.66583
0.79289
0.77337
0.72073
0.70485
0.71369
0.71224
0.67603
0.66894
0.67360
0.71409
0.70762
0.72012
0.67301
0.68033
0.68322
0.69031
0.68104
0.69456
0.61865
0.61580
0.59096
0.72988
0.73060
0.72103
0.68779
0.67343
0.68560
0.58399
0.60069
0.58964
0.61398
0.59120
0.53772
0.65560
0.67957
0.64437
0.83282
0.75186
0.72587
0.72099
0.70811
0.67059
0.66771
0.68579
0.73107
1.74383
0.88024
0.67387
0.64053
0.63004
0.62208
0.74888
0.74972
0.75710
0.62170
0.61451
0.60629
0.70949
0.70491
0.69729
0.65370
0.65615
0.64913
0.72228
0.73068
0.71643
0.74110
0.73011
0.73062
0.66876
0.65986
0.65640
0.63661
0.64102
0.64507
0.60105
0.59571
0.57068
0.69377
0.68774
0.66628
0.70216
0.68779
0.68542
0.72488
0.72327
0.71616
0.61910
0.59984
0.61439
0.88450
0.73728
0.68481
0.67104
0.67920
0.68206
0.71663
0.71763
0.71592
0.68192
0.67833
0.67856
0.67138
0.67761
0.66775
0.73218
0.71571
0.72043
0.69163
0.68749
0.68641
0.70133
0.69298
0.69196
0.71857
0.67027
0.60472
0.80020
0.75795
0.72936
0.70563
0.70879
0.70981
0.69470
0.69267
0.69318
0.66543
0.67134
0.65954
0.71471
0.72088
0.70994
0.64432
0.64767
0.63246
0.70124
0.71002
0.69875
0.67527
0.66563
0.65730
0.58930
0.58069
0.57260
0.64942
0.64462
0.64915
0.77316
0.76154
0.75432
0.65994
0.66382
0.66222
0.63796
0.63635
0.62381
0.67603
0.68565
0.69100
0.60079
0.60481
0.60310
0.73700
0.74080
0.74081
0.66438
0.66615
0.67076
0.62867
0.63469
0.63165
0.66034
0.66588
0.66639
0.72058
0.70936
0.68415
0.65707
0.67098
0.66336
0.66784
0.67299
0.65894
0.66440
0.68164
0.68824
0.57624
0.57293
0.58319
0.69065
0.67416
0.65529
0.66868
0.68746
0.69473
0.63290
0.63641
0.65066
0.72277
0.71088
0.70731
0.67742
0.68029
0.68010
0.69446
0.69649
0.69048
0.70159
0.69952
0.69946
0.67687
0.68305
0.67625
0.69906
0.70674
0.70546
0.71069
0.67728
0.66176
0.74522
0.75877
0.72516
0.66076
0.66603
0.66464
0.71378
0.70942
0.71314
0.67071
0.66508
0.67530
0.67779
0.66779
0.66430
0.68054
0.67864
0.68968
0.73493
0.73139
0.72878
0.65115
0.64849
0.65233
0.65822
0.64728
0.64108
0.70611
0.72414
0.73241
0.72064
0.69085
0.69184
0.64928
0.65102
0.65171
0.64306
0.63215
0.61921
0.66500
0.65649
0.66875
0.75342
0.74747
0.73352
0.66802
0.67493
0.67801
0.65155
0.64751
0.63460
0.64295
0.65964
0.63740
0.65377
0.65410
0.65815
0.63610
0.65493
0.66950
0.60152
0.61393
0.57575
0.76855
0.75120
0.72363
0.70821
0.71033
0.69734
0.70849
0.71869
0.70218
0.70622
0.71900
0.71688
0.68129
0.67773
0.68096
0.67769
0.69065
0.68749
0.67930
0.67732
0.68081
0.68214
0.68321
0.68603
0.71147
0.70260
0.70679
0.70846
0.69529
0.68268
0.70651
0.70424
0.68512
0.69040
0.69300
0.69512
0.69233
0.69063
0.69628
0.67130
0.67163
0.66584
0.67683
0.67572
0.66800
0.65402
0.64656
0.64182
0.65316
0.65953
0.63327
0.65606
0.65289
0.63414
0.72757
0.72524
0.71183
0.61393
0.62950
0.62925
0.70849
0.70263
0.70836
0.71079
0.71236
0.71663
0.67932
0.70141
0.66164
0.64660
0.66968
0.64512
0.59032
0.56230
0.59330
0.63680
0.64741
0.64050
0.52448
0.57223
0.55644
0.64229
0.65935
0.65972
0.72037
0.65154
0.63816
0.73536
0.71359
0.70858
0.71648
0.70447
0.68305
0.70565
0.73072
0.72047
0.73914
0.70311
0.67849
0.67272
0.67315
0.67551
0.72450
0.72663
0.72216
0.67557
0.67526
0.67707
0.70237
0.70841
0.70967
0.71234
0.71179
0.70950
0.70137
0.70267
0.70717
0.67537
0.67641
0.67740
0.69288
0.69169
0.69153
0.69513
0.70360
0.69047
0.68200
0.68006
0.68242
0.67902
0.68240
0.67715
0.67942
0.67904
0.68010
0.68761
0.68674
0.68534
0.68495
0.68287
0.68306
0.63629
0.63674
0.62876
0.74244
0.74168
0.73803
0.65210
0.64641
0.65002
0.76185
0.76200
0.76058
0.68393
0.68043
0.68789
0.69427
0.69002
0.68061
0.64040
0.62148
0.62572
0.72150
0.71737
0.73516
0.64003
0.64877
0.64035
0.67757
0.65919
0.66276
0.66417
0.67812
0.66525
0.60491
0.59032
0.53525
0.68873
0.71314
0.71714
0.61833
0.60249
0.61813
0.55469
0.53816
0.50941
0.64941
0.71607
0.61577
0.70317
0.72416
0.70747
0.67695
0.67687
0.67471
0.68238
0.68805
0.69412
0.71153
0.71184
0.71087
0.68557
0.68856
0.67946
0.68353
0.68425
0.68943
0.68404
0.68664
0.68584
0.64569
0.63821
0.60011
0.69899
0.68834
0.69681
0.79151
0.76641
0.74311
0.73735
0.71754
0.70704
0.69502
0.69453
0.69587
0.67488
0.67612
0.67645
0.66510
0.64720
0.65051
0.69821
0.67734
0.67732
0.72172
0.70398
0.70285
0.68356
0.68737
0.69279
0.69845
0.69439
0.69624
0.70068
0.69433
0.69769
0.69067
0.68735
0.68846
0.69273
0.69371
0.69356
0.69464
0.69412
0.69486
0.69182
0.69365
0.69194
0.68794
0.68374
0.67574
0.70243
0.69835
0.69299
0.66342
0.65699
0.64063
0.93192
0.66335
0.67398
0.67463
0.67576
0.67630
0.68538
0.68481
0.68461
0.69364
0.69514
0.69367
0.68111
0.68197
0.67781
0.64448
0.64399
0.64011
0.69180
0.69121
0.69016
0.74565
0.75292
0.75352
0.71741
0.71538
0.71098
0.64314
0.64922
0.64930
0.71419
0.72096
0.71032
0.70907
0.71004
0.70703
0.67754
0.67727
0.67878
0.65939
0.65894
0.65042
0.65058
0.65445
0.63677
0.68073
0.67979
0.67037
0.65247
0.64371
0.66285
0.74518
0.74482
0.74446
0.64594
0.65757
0.65100
0.60408
0.57242
0.54665
0.66887
0.66620
0.68317
0.75155
0.75313
0.72962
0.69363
0.70255
0.70504
0.68541
0.68266
0.68557
0.69212
0.69331
0.69189
0.69895
0.69671
0.70240
0.64598
0.64706
0.64039
0.67579
0.67295
0.67030
0.75203
0.74459
0.73761
0.70310
0.69634
0.69839
0.70690
0.70394
0.70228
0.68667
0.68855
0.68126
0.67390
0.67326
0.67731
0.68266
0.68164
0.67746
0.68129
0.64360
0.62945
0.65219
0.65137
0.64418
0.77636
0.73956
0.70693
0.69468
0.70126
0.69472
0.69617
0.69855
0.70071
0.68432
0.68474
0.68727
0.68221
0.67134
0.67169
0.67840
0.68322
0.65817
0.65213
0.63965
0.64504
0.96162
0.68555
0.65317
0.66199
0.65933
0.64549
0.73930
0.74896
0.74323
0.74443
0.75933
0.75058
0.67466
0.67996
0.67805
0.65963
0.65795
0.66151
0.74316
0.73396
0.73922
0.68616
0.67415
0.67091
0.61761
0.60017
0.57625
0.70729
0.71947
0.72416
0.59482
0.61132
0.60444
0.69628
0.70959
0.72618
0.65190
0.63315
0.64534
0.62146
0.62388
0.63487
0.58676
0.59260
0.58477
0.74111
0.68807
0.67824
0.84252
0.85369
0.83463
0.73024
0.71542
0.72331
0.78245
0.77597
0.75842
0.66249
0.64567
0.65050
0.72745
0.73579
0.72565
0.67516
0.68304
0.67642
0.64559
0.64313
0.64621
0.68220
0.69928
0.70379
0.65976
0.66900
0.65936
0.70618
0.69579
0.68600
0.75756
0.74737
0.73232
0.68881
0.68520
0.68551
0.69322
0.69535
0.68943
0.65808
0.65549
0.64832
0.64352
0.64628
0.63415
0.65704
0.64245
0.64852
0.67551
0.67054
0.67582
0.69132
0.69043
0.67197
0.61547
0.61861
0.60055
0.68747
0.67598
0.65913
0.68945
0.66765
0.68537
0.67186
0.69999
0.69736
0.68097
0.70238
0.69069
0.67786
0.68986
0.69733
0.67753
0.67624
0.67613
0.65316
0.67257
0.66321
0.71443
0.69722
0.57611
0.58195
0.58617
0.65262
0.64763
0.59590
0.61419
0.66370
0.68209
0.64896
0.64749
0.64965
0.64608
0.63463
0.61486
0.63830
0.69893
0.69496
0.66161
0.61866
0.54322
0.60316
0.56782
0.38530
0.40640
1.90529
1.15063
0.87817
0.62080
0.62808
0.64103
0.62160
0.62589
0.62699
0.64667
0.65217
0.64926
0.69545
0.70129
0.69666
0.68793
0.68581
0.67768
0.71244
0.66296
0.69357
0.75260
0.73804
0.71055
0.69164
0.68849
0.68355
0.68332
0.67976
0.68187
0.68846
0.68631
0.67809
0.68965
0.68558
0.67888
0.68617
0.68430
0.68204
0.66548
0.66684
0.66382
0.63713
0.62219
0.61652
0.65133
0.64838
0.65243
0.68586
0.68402
0.68850
0.67374
0.67608
0.66428
0.67639
0.67435
0.67183
0.66996
0.67029
0.67118
0.69054
0.68755
0.69580
0.67905
0.68238
0.68311
0.67218
0.68100
0.68642
0.76516
0.77210
0.75062
0.64328
0.65444
0.64450
0.71191
0.70883
0.70388
0.67760
0.66920
0.66971
0.66935
0.65601
0.65871
0.68680
0.68445
0.68505
0.68269
0.68860
0.68482
0.68286
0.69209
0.68770
0.62538
0.62072
0.62412
0.79919
0.80161
0.78109
0.69463
0.67394
0.68715
0.68447
0.68013
0.67900
0.68299
0.69444
0.68449
0.69182
0.70039
0.68082
0.73356
0.71936
0.71402
0.67465
0.67382
0.67221
0.68570
0.69035
0.69363
0.69020
0.68719
0.68638
0.68823
0.69330
0.69610
0.69675
0.69810
0.69358
0.68278
0.67725
0.68129
0.68372
0.68582
0.68133
0.69712
0.69362
0.69605
0.66877
0.66898
0.66698
0.67825
0.68191
0.67811
0.68577
0.68806
0.68768
0.71641
0.71363
0.71009
0.64246
0.64772
0.63949
0.66755
0.66536
0.66162
0.70452
0.70826
0.70400
0.67797
0.67534
0.67287
0.69557
0.68541
0.68468
0.69154
0.69317
0.67809
0.67750
0.67852
0.67832
0.65738
0.65461
0.65533
0.63894
0.63913
0.62659
0.58380
0.58610
0.58314
0.63718
0.65237
0.63005
0.75556
0.72181
0.70567
0.68658
0.68937
0.69404
0.69396
0.69337
0.69080
0.69698
0.69805
0.69616
0.70404
0.70523
0.69929
0.73716
0.72594
0.71213
0.67093
0.67554
0.67316
0.67982
0.68051
0.67325
0.68963
0.68734
0.68887
0.66591
0.66697
0.64897
0.77462
0.73995
0.70383
0.70170
0.69791
0.70104
0.69729
0.69253
0.69098
0.69526
0.69667
0.69974
0.67984
0.67858
0.67995
0.68373
0.67805
0.67868
0.72746
0.72924
0.72426
0.68103
0.68392
0.68626
0.64165
0.63979
0.62523
0.75993
0.76915
0.75879
0.69274
0.69297
0.69193
0.67332
0.67510
0.67292
0.69189
0.69085
0.69166
0.68683
0.68254
0.68388
0.64937
0.64213
0.63007
0.68083
0.67575
0.68877
0.64703
0.64015
0.64066
0.64786
0.64269
0.64908
0.67944
0.66940
0.68733
0.81970
0.81129
0.77015
0.67869
0.67616
0.68172
0.71704
0.71173
0.70698
0.67647
0.67719
0.67478
0.68038
0.69139
0.68576
0.66063
0.66193
0.66860
0.65477
0.64474
0.67114
0.70882
0.69257
0.70098
0.70550
0.68904
0.68692
0.66438
0.63267
0.57885
0.72832
0.78697
0.81097
1.10374
0.79908
0.70894
0.68638
0.68421
0.67178
0.66702
0.66910
0.66521
0.69370
0.69567
0.69890
0.64731
0.63871
0.62627
0.75303
0.75003
0.75370
0.66180
0.65598
0.65758
0.59129
0.58609
0.58085
0.75730
0.74865
0.74077
0.63916
0.63105
0.63992
0.66722
0.66090
0.65892
0.62711
0.63053
0.60971
0.66476
0.65841
0.66076
0.64734
0.65359
0.64823
0.77604
0.77829
0.76879
0.60093
0.60608
0.60966
0.66901
0.67727
0.66517
0.62767
0.64380
0.62593
0.69987
0.68683
0.69567
0.66399
0.68195
0.66344
0.79992
0.79772
0.74329
0.72041
0.71645
0.71478
0.67297
0.67181
0.66877
0.68739
0.68431
0.68444
0.67210
0.66876
0.67058
0.75270
0.74551
0.73840
0.68308
0.68344
0.68288
0.71109
0.71129
0.70695
0.67428
0.67322
0.67362
0.69876
0.70062
0.70317
0.66777
0.66819
0.66874
0.69672
0.69624
0.69467
0.65451
0.65410
0.65280
0.68532
0.69174
0.69142
0.70780
0.70879
0.70563
0.65745
0.66524
0.66229
0.66931
0.66678
0.66808
0.72262
0.72199
0.71898
0.69241
0.68552
0.68435
0.68218
0.68108
0.68133
0.68444
0.68556
0.68579
0.68912
0.68854
0.69020
0.68921
0.68491
0.68122
0.69802
0.71004
0.70055
0.70396
0.70585
0.70406
0.69281
0.69473
0.69578
0.71704
0.72005
0.71579
0.68020
0.68042
0.68042
0.69713
0.69595
0.69503
0.68278
0.68351
0.68295
0.68896
0.69355
0.69265
0.67484
0.67304
0.67475
0.71331
0.71343
0.71360
0.65897
0.65796
0.65734
0.70973
0.70973
0.70847
0.68057
0.67512
0.67244
0.69817
0.69799
0.70620
0.70680
0.69689
0.70727
0.65295
0.65456
0.65004
0.73037
0.71970
0.70766
0.64838
0.65423
0.65727
0.70360
0.70466
0.70228
0.66452
0.66526
0.66580
0.67881
0.68286
0.67148
0.68359
0.68663
0.68417
0.63704
0.63298
0.62205
0.70551
0.71086
0.69385
0.65476
0.66554
0.64270
0.63941
0.63935
0.65629
0.66217
0.67724
0.66648
0.71614
0.70956
0.69790
0.72852
0.72592
0.72105
0.68731
0.68426
0.68291
0.69216
0.69444
0.69162
0.67420
0.66069
0.65227
0.65045
0.65207
0.68847
0.71175
0.69481
0.68663
0.67970
0.68284
0.67733
0.67692
0.67987
0.67783
0.73373
0.73195
0.72985
0.67770
0.67164
0.67885
0.69811
0.69700
0.69615
0.68957
0.68507
0.68666
0.70187
0.70337
0.70160
0.72919
0.70947
0.69881
0.68075
0.68549
0.68544
0.68264
0.68048
0.67737
0.70125
0.69720
0.70657
0.64573
0.62727
0.60997
0.76973
0.79743
0.75835
0.63440
0.63092
0.63770
0.64602
0.64904
0.65551
0.63898
0.64749
0.65599
0.71455
0.71403
0.73425
0.68080
0.67724
0.67791
0.64164
0.64216
0.63920
0.70453
0.70429
0.69428
0.62113
0.63675
0.63763
0.69472
0.68693
0.66592
0.61240
0.62551
0.62414
0.68626
0.67497
0.68240
0.62557
0.62903
0.62073
0.70300
0.73101
0.72077
0.61076
0.58584
0.62119
0.63369
0.64237
0.63656
0.73088
0.77507
0.75139
0.64033
0.65746
0.63824
0.75734
0.74078
0.74619
0.68936
0.67057
0.68490
0.69926
0.70259
0.68719
0.63977
0.62234
0.62559
0.68086
0.70023
0.68648
0.57346
0.59599
0.57128
0.63591
0.65378
0.65005
0.70183
0.70625
0.69327
0.74297
0.68854
0.66898
0.74771
0.75206
0.73101
0.71930
0.69741
0.68352
0.66673
0.68045
0.66085
0.77529
0.78298
0.78528
0.61950
0.61911
0.62062
0.64266
0.64609
0.62978
0.72319
0.70322
0.70522
0.68102
0.68247
0.68352
0.72600
0.72639
0.72153
0.68141
0.68485
0.68309
0.67887
0.67011
0.66611
0.70184
0.70230
0.70759
0.68425
0.69413
0.68442
0.69217
0.70403
0.68910
0.68395
0.67051
0.67770
0.69432
0.69158
0.69015
0.69619
0.71586
0.70078
0.65408
0.64342
0.62202
0.61020
0.59862
0.61311
1.18863
0.97386
0.75605
0.68385
0.67389
0.67479
0.68344
0.68108
0.69084
0.67903
0.66866
0.68230
0.64485
0.66969
0.64710
0.66024
0.63114
0.62360
0.69806
0.69763
0.68865
0.71188
0.71122
0.68881
0.61176
0.62404
0.62673
0.59358
0.59136
0.61727
0.72918
0.74065
0.74008
0.62984
0.64160
0.63613
0.69401
0.73139
0.69084
0.67942
0.68501
0.65572
0.69499
0.68045
0.69576
0.71340
0.72491
0.71357
0.73031
0.71476
0.71482
0.68744
0.68445
0.68386
0.68352
0.67920
0.67335
0.66464
0.69018
0.64837
0.72920
0.75085
0.69823
0.69007
0.67883
0.65972
0.66791
0.66799
0.66620
0.68713
0.68914
0.68883
0.67264
0.67429
0.67911
0.68263
0.68174
0.68194
0.67027
0.66609
0.66659
0.68278
0.68150
0.67870
0.72170
0.71140
0.70951
0.67550
0.66634
0.66789
0.72604
0.72661
0.71528
0.67106
0.66923
0.66737
0.72110
0.72555
0.72297
0.64940
0.65643
0.64857
0.69510
0.68418
0.69214
0.65621
0.64031
0.63777
0.72671
0.71557
0.74018
0.65712
0.68708
0.66240
0.74575
0.76096
0.71185
0.66595
0.67796
0.67744
0.69724
0.69155
0.70036
0.70405
0.69538
0.69940
0.70243
0.71139
0.72622
0.63736
0.62221
0.62222
0.65807
0.62814
0.61235
0.68579
0.67508
0.68012
0.64578
0.61986
0.62460
0.65970
0.62497
0.61637
0.69486
0.70132
0.70663
0.62002
0.62293
0.62373
0.63547
0.59936
0.59226
0.80322
0.80500
0.77234
0.59973
0.60038
0.58857
1.08666
0.80963
0.76937
0.61082
0.63860
0.61978
0.63771
0.63897
0.64868
0.68348
0.68666
0.69810
0.66229
0.64146
0.65521
0.63967
0.63139
0.64039
0.64530
0.66314
0.66121
0.70327
0.68231
0.67688
0.62367
0.63901
0.62957
0.69316
0.68713
0.70679
0.74460
0.73417
0.74331
0.73949
0.72820
0.71397
0.70215
0.69130
0.68365
0.68975
0.69110
0.69016
0.70148
0.68956
0.69507
0.68133
0.67824
0.64887
0.66903
0.65015
0.74355
0.64812
0.64662
0.66610
0.67393
0.68188
0.63037
0.67471
0.63743
0.63101
0.70614
0.63572
0.65268
0.71109
0.74086
0.72057
0.63643
0.61884
0.63193
0.60963
0.61874
0.61943
0.67791
0.65474
0.62356
0.77318
0.70427
0.68898
0.63814
0.63601
0.61372
0.77347
0.73567
0.70330
0.65850
0.67499
0.65891
0.66656
0.66764
0.67028
0.67609
0.64933
0.62628
0.66251
0.66111
0.63092
0.60758
0.58171
0.56634
0.59006
0.57649
0.58296
0.74222
0.74031
0.73474
0.68820
0.67201
0.71033
0.68764
0.67975
0.69504
0.68545
0.62056
0.62305
0.69454
0.68208
0.66180
0.71882
0.66093
0.68546
0.63708
0.67387
0.72529
0.70000
0.71119
0.71602
0.61203
0.64666
0.60669
0.69563
0.69221
0.68350
0.59375
0.60736
0.59985
0.62669
0.74837
0.62100
0.68046
0.61968
0.61941
0.65479
0.64402
0.63078
0.63467
0.62352
0.61737
0.62781
0.62129
0.62214
0.67974
0.67898
0.67270
0.74421
0.72190
0.71501
0.68443
0.69381
0.69024
0.68439
0.68342
0.67937
0.70173
0.70847
0.68593
0.67362
0.67691
0.67092
0.68243
0.69102
0.68843
0.69231
0.68615
0.69304
0.67608
0.63658
0.56838
0.72602
0.73700
0.70692
0.61149
0.61913
0.62261
0.68001
0.68475
0.67467
0.71517
0.71130
0.70214
0.68227
0.67210
0.67242
0.65115
0.65381
0.65763
0.64338
0.63900
0.64995
0.60969
0.61745
0.56613
0.82293
0.73704
0.73477
0.72488
0.71753
0.71811
0.69357
0.69080
0.68880
0.67928
0.68225
0.68265
0.69912
0.68730
0.69170
0.69124
0.69723
0.69411
0.69277
0.69663
0.70005
0.67143
0.67372
0.67096
0.67186
0.68073
0.67992
0.67856
0.67033
0.66838
0.70947
0.69508
0.69116
0.70379
0.71206
0.70339
0.66211
0.67245
0.66985
0.67182
0.67002
0.66925
0.66656
0.66626
0.66402
0.74649
0.75209
0.74617
0.71118
0.70871
0.70948
0.70387
0.69813
0.70147
0.67802
0.67666
0.67715
0.69359
0.68522
0.68239
0.68820
0.69035
0.68778
0.67741
0.67769
0.67619
0.69835
0.69136
0.69551
0.67498
0.68456
0.68303
0.70386
0.69970
0.70214
0.65788
0.66053
0.66180
0.66841
0.66633
0.66676
0.66820
0.66771
0.66602
0.68181
0.67711
0.68013
0.69004
0.69433
0.69535
0.66995
0.67306
0.67247
0.68837
0.67654
0.66638
0.64683
0.64975
0.66913
0.65293
0.63193
0.62648
0.67629
0.65430
0.69111
0.65709
0.71690
0.67650
0.68913
0.68226
0.70267
0.68513
0.68700
0.68348
0.64451
0.67633
0.63821
0.65301
0.63487
0.55593
0.98480
0.84364
0.80922
0.63047
0.67118
0.63433
0.74623
0.72984
0.72350
0.59629
0.64621
0.55101
0.62684
0.61027
0.68097
0.70867
0.60886
0.67393
0.65418
0.67210
0.67147
0.65394
0.64227
0.66077
0.65929
0.64432
0.64200
0.70924
0.67876
0.67753
0.66313
0.62584
0.63867
0.66662
0.62790
0.64310
0.54286
0.45592
0.34760
0.99473
0.84973
0.74600
0.75453
0.68446
0.68220
0.71316
0.75049
0.70658
0.68203
0.70129
0.68632
0.66818
0.66824
0.67307
0.67749
0.68222
0.68237
0.64848
0.65180
0.65835
0.63484
0.63631
0.63772
0.73223
0.72263
0.71784
0.69304
0.68697
0.66333
0.66050
0.65526
0.63312
0.95467
0.86033
0.82180
0.67481
0.66481
0.65980
0.67737
0.66646
0.66091
0.67638
0.66093
0.64245
0.59481
0.59172
0.57816
0.71499
0.72229
0.71487
0.63476
0.63161
0.63544
0.73069
0.74300
0.71714
0.69489
0.69518
0.69728
0.68882
0.68966
0.69044
0.67784
0.67391
0.66604
0.62806
0.63560
0.62818
0.65136
0.65243
0.64922
0.65523
0.65749
0.65109
0.66587
0.65988
0.66299
0.68717
0.68653
0.69133
0.69555
0.69837
0.68925
0.66107
0.66527
0.66332
0.70552
0.69837
0.69694
0.71213
0.70460
0.71783
0.69118
0.69022
0.68624
0.70486
0.71220
0.69950
0.68245
0.67632
0.68420
0.78370
0.77138
0.73992
0.68632
0.69142
0.69548
0.67708
0.67927
0.67410
0.68872
0.68893
0.68604
0.67636
0.67346
0.66917
0.67640
0.67364
0.66837
0.67468
0.66046
0.67536
0.68275
0.68576
0.68040
0.62438
0.62313
0.61329
0.71427
0.71824
0.71556
0.66757
0.66209
0.67055
0.68153
0.67896
0.69254
0.62719
0.62507
0.62546
0.68703
0.68100
0.66417
0.67493
0.67107
0.69310
0.65901
0.65127
0.66522
0.57693
0.63276
0.59259
0.68301
0.71002
0.68849
0.62704
0.55783
0.63410
0.64387
0.60285
0.62528
0.61289
0.56135
0.51314
0.91395
0.90163
0.84336
0.55184
0.58460
0.58349
0.64323
0.60713
0.62208
0.66669
0.68815
0.72626
0.80308
0.71409
0.69628
0.58900
0.59524
0.61245
0.67850
0.65163
0.69736
0.61552
0.68930
0.65803
0.56568
0.56501
0.57245
0.50943
0.57187
0.49229
0.55967
0.64257
0.69534
0.69948
0.57926
0.47298
0.79789
0.75334
0.60281
0.66627
0.59983
0.62292
0.55364
0.61505
0.53421
0.92432
0.77503
0.65877
0.69628
0.64699
0.62799
0.65138
0.65262
0.68272
0.50177
0.50503
0.53729
0.54680
0.52569
0.55484
0.65163
0.67478
0.67030
0.66094
0.66620
0.65245
0.63149
0.61754
0.60953
0.71451
0.65054
0.64672
0.73376
0.66659
0.65040
0.58014
0.61085
0.61208
0.61353
0.60128
0.60022
0.64124
0.59180
0.58842
0.64161
0.72479
0.52318
0.58300
0.60740
0.60818
0.61244
0.56535
0.57599
0.94090
0.96890
0.61162
0.61445
0.63907
0.65813
0.68339
0.65645
0.64275
0.67725
0.65363
0.67005
0.64129
0.63617
0.61767
0.69582
0.68091
0.70416
0.71424
0.70615
0.66163
0.67332
0.66070
0.67327
0.57785
0.56050
0.57054
0.58773
0.58926
0.59209
0.66227
0.66363
0.62340
0.63953
0.60497
0.59048
0.54335
0.62258
0.59063
0.90193
0.76648
0.71111
0.59631
0.62365
0.65125
0.65594
0.63457
0.62940
0.63794
0.61254
0.57972
0.63164
0.56043
0.57698
0.71119
0.67532
0.57932
0.67329
0.63583
0.68187
0.53748
0.59028
0.57672
0.67734
0.59514
0.60882
0.53696
0.54592
0.54334
0.71685
0.63450
0.65743
0.54755
0.53423
0.53060
0.57135
0.63261
0.57194
0.57305
0.58848
0.71626
0.72027
0.62521
0.54782
0.58186
0.55362
0.62414
0.80143
0.63539
0.67369
0.65571
0.51742
0.60084
0.53837
0.52021
0.59219
0.40012
0.43809
0.42903
0.75461
0.58301
0.58132
0.55242
0.42999
0.45464
0.79811
0.58998
0.51073
0.40769
0.30982
0.30243
0.77556
0.82456
0.67113
0.79920
0.58288
0.56518
0.72076
0.70751
0.69281
0.68220
0.68136
0.68672
0.70219
0.68665
0.69722
0.68429
0.67966
0.67392
0.67360
0.66834
0.65417
0.52155
0.51133
0.50328
1.23545
0.76761
0.72213
0.70073
0.69130
0.69032
0.66457
0.63684
0.60726
0.69952
0.69614
0.69826
0.68042
0.66932
0.68225
0.69809
0.69229
0.69309
0.69443
0.69291
0.66503
0.74235
0.74682
0.69579
0.68467
0.67898
0.67985
0.70456
0.70622
0.70428
0.68004
0.67840
0.67918
0.69419
0.69472
0.69597
0.66749
0.66076
0.64634
0.59923
0.60195
0.59844
0.67379
0.67757
0.67962
0.65921
0.67839
0.67489
0.63964
0.64199
0.64160
0.70442
0.72287
0.68444
0.67981
0.67021
0.67054
0.68596
0.69075
0.67795
0.75665
0.79991
0.70380
0.71194
0.69130
0.68498
0.71387
0.71735
0.71664
0.66400
0.66208
0.65155
0.72550
0.72351
0.69905
0.67949
0.67656
0.68944
0.70131
0.71738
0.69766
0.67939
0.68254
0.66827
0.66092
0.66388
0.65646
0.70214
0.66723
0.69175
0.67478
0.68232
0.66138
0.66135
0.65869
0.65113
0.67523
0.61485
0.61326
0.59843
0.60018
0.53328
0.68240
0.63262
0.61222
0.61950
0.58968
0.57437
0.66956
0.70934
0.61781
0.71311
0.71538
0.56438
0.70787
0.68865
0.66337
0.57969
0.56251
0.57989
0.60306
0.59857
0.60347
0.62277
0.57986
0.67133
0.52067
0.48548
0.52901
0.61084
0.62425
0.66089
0.58196
0.54842
0.57900
0.71483
0.67569
0.57712
0.70846
0.68491
0.68962
0.62770
0.60970
0.60048
0.75427
0.64607
0.61328
0.57845
0.70032
0.79708
0.47642
0.43621
0.41960
0.55185
0.54071
0.49456
0.44389
0.36590
0.37789
1.79104
1.13286
0.92091
0.61524
0.63215
0.65873
0.63477
0.62189
0.60199
0.64950
0.65113
0.65257
0.63507
0.62111
0.63266
0.74554
0.75800
0.69644
0.63952
0.63819
0.68215
0.64360
0.58948
0.61998
0.64791
0.68518
0.64352
0.66681
0.70043
0.69558
0.71657
0.66954
0.66808
0.62716
0.64946
0.62253
0.67121
0.66641
0.68518
0.72811
0.71801
0.66508
0.63155
0.61715
0.61359
0.57527
0.67318
0.52881
0.62274
0.63863
0.68366
0.54780
0.55195
0.56895
0.57310
0.60973
0.58203
0.52659
0.42870
0.42762
0.58566
0.69703
0.85137
0.71362
0.71469
0.65538
0.68499
0.64401
0.62542
0.68039
0.64482
0.63255
0.55151
0.55772
0.53372
0.66769
0.62024
0.61333
0.69748
0.57848
0.56485
0.59395
0.63574
0.64306
0.60498
0.62010
0.55537
0.63146
0.63617
0.59708
0.57967
0.48981
0.53143
0.60295
0.64162
0.59703
0.53423
0.46028
0.54014
0.63132
0.65852
0.56126
0.65384
0.54095
0.56753
0.63828
0.56905
0.59075
0.59539
0.59918
0.58985
0.63572
0.61567
0.59758
0.71665
0.72720
0.58655
0.45177
0.32276
0.33673
0.43529
0.63206
0.59153
0.93870
0.69975
0.85690
0.45509
0.51971
0.41102
0.44243
0.56099
0.48137
0.74845
0.73879
0.76045
0.52170
0.51659
0.51464
0.76353
0.80977
0.67798
0.69670
0.67808
0.73952
0.72259
0.69002
0.69399
0.69859
0.68626
0.69923
0.71145
0.72607
0.74339
0.67864
0.66056
0.65625
0.65917
0.66668
0.65123
0.68164
0.67060
0.64438
0.60943
0.60603
0.60502
0.55452
0.59951
0.53720
0.68871
0.66046
0.63449
0.63679
0.61555
0.63742
0.49645
0.50897
0.49946
0.70541
0.67678
0.67044
0.70858
0.76464
0.65887
0.57537
0.62172
0.61315
0.62303
0.64618
0.62436
0.52327
0.53421
0.57660
0.58068
0.58267
0.62780
0.50781
0.56950
0.63844
0.53688
0.57557
0.54440
0.49402
0.43178
0.48729
0.57176
0.63385
0.65812
0.41811
0.73587
0.99346
0.45532
0.51732
0.43755
0.43838
0.42709
0.44177
0.41241
0.39885
0.53988
0.54341
0.66019
0.70166
0.62533
0.41975
0.28860
0.71214
0.62228
0.62365
0.70029
0.77595
0.79600
0.60886
0.74494
0.63965
0.51088
0.54522
0.52345
0.67337
0.68560
0.60971
0.70039
0.59793
0.70341
0.49021
0.54939
0.53975
0.42818
0.43200
0.48410
0.61437
0.64397
0.57596
0.48194
0.49695
0.55799
0.38350
0.48525
0.40182
0.54876
0.58971
0.50165
0.44274
0.38964
0.46647
0.57092
0.52424
0.48765
0.34923
0.30920
0.28286
0.61056
0.68820
0.62015
0.52068
0.37282
0.47643
1.06214
0.90541
0.85337
0.75525
0.73146
0.64759
0.60295
0.61130
0.58581
0.69609
0.67884
0.70132
0.51788
0.54617
0.55941
0.62981
0.57763
0.57989
0.64486
0.63602
0.62125
0.44660
0.48744
0.36275
0.48647
0.47331
0.50167
0.56098
0.69821
0.62100
0.45039
0.45001
0.42481
0.59714
0.42917
0.45873
0.57409
0.98276
0.60717
0.59771
0.69304
0.56558
0.58731
0.51553
0.55590
0.91052
0.74208
0.56117
0.73508
0.70289
0.62697
0.69146
0.75100
0.61059
0.53334
0.54391
0.62962
0.52054
0.53761
0.40383
0.65083
0.67061
0.55889
0.79031
0.62770
0.61859
0.59539
0.63401
0.62510
0.69410
0.64979
0.67860
0.60534
0.59360
0.57372
0.67457
0.66007
0.67271
0.59560
0.67423
0.62347
0.65749
0.63403
0.62827
0.52100
0.50227
0.57040
0.48957
0.44024
0.48449
0.53832
0.61061
0.63688
0.55547
0.56652
0.36409
0.36176
0.38604
0.39810
0.74205
0.65118
0.57603
0.71086
0.53347
0.73431
0.34003
0.41647
0.40856
0.61787
0.58287
0.60947
0.57075
0.54637
0.53493
0.52716
0.50734
0.43286
0.53346
0.49200
0.48869
0.52114
0.53833
0.69876
0.56437
0.41116
0.48439
0.33739
0.26766
0.25942
0.57281
0.49264
0.27517
0.77116
0.58310
0.67760
0.27901
0.37277
0.40920
0.52905
0.55348
0.47116
0.42302
0.41698
0.38361
0.72039
0.75521
0.76543
0.47710
0.45247
0.35969
0.47193
0.51725
0.41503
0.37566
0.48084
0.27600
0.34548
0.42272
0.41585
0.61480
0.56519
0.45825
0.57478
0.58224
0.62783
0.39837
0.37940
0.46735
0.38497
0.35254
0.38824
0.34694
0.45401
0.43088
0.78760
0.57981
0.53637
0.38015
0.54026
0.32757
0.73075
0.70037
0.57161
0.50656
0.59799
0.53529
0.62358
0.54729
0.47905
0.65519
0.72695
0.45970
0.49909
0.50831
0.45877
0.46908
0.47240
0.42511
0.48265
0.48105
0.52176
0.51945
0.47739
0.52632
0.41353
0.49350
0.48650
0.92367
0.57543
0.39782
0.56702
0.50398
0.36474
0.63431
0.54360
0.55996
0.64022
0.59948
0.49582
0.63031
0.57422
0.65851
0.59712
0.58870
0.77463
0.63609
0.67623
0.58699
0.63550
0.69160
0.73170
0.76220
0.71100
0.64532
0.68440
0.57628
0.48074
0.52259
0.67288
0.61618
0.76505
0.70481
0.67286
0.67007
0.63851
0.58562
0.88012
0.76472
0.74534
0.66686
0.67155
0.67150
0.68462
0.68775
0.68515
0.68711
0.69586
0.67965
0.69323
0.69122
0.67535
0.66224
0.67730
0.67446
0.72287
0.71714
0.68897
0.68144
0.68908
0.66189
0.68169
0.68485
0.69489
0.66917
0.67808
0.66653
0.69476
0.69790
0.69044
0.72493
0.73686
0.71456
0.69571
0.70634
0.69966
0.65071
0.64441
0.63746
0.69579
0.69156
0.70236
0.68773
0.66311
0.64718
0.70176
0.71110
0.71575
0.71583
0.70927
0.71354
0.65653
0.66220
0.65450
0.68989
0.69936
0.71133
0.71251
0.70118
0.69866
0.69631
0.70617
0.68871
0.67665
0.66769
0.67385
0.65695
0.60980
0.60305
0.65807
0.65239
0.62859
0.69189
0.71827
0.70282
0.70765
0.73175
0.68272
0.75845
0.71472
0.71153
0.62788
0.57931
0.55612
0.62719
0.68069
0.59031
0.65259
0.60350
0.61148
0.84301
0.76573
0.71246
0.67579
0.67257
0.66507
0.64866
0.65665
0.65819
0.65781
0.68483
0.64515
0.73637
0.61332
0.62377
0.59247
0.52656
0.48706
0.63604
0.62146
0.49983
0.68053
0.59664
0.60038
0.58514
0.52896
0.49514
0.75284
0.68310
0.54650
0.56550
0.51313
0.54453
0.66573
0.61623
0.64938
0.63691
0.46971
0.61842
0.72048
0.60310
0.57762
0.58587
0.53308
0.51997
0.49251
0.40009
0.42165
0.44447
0.52630
0.46166
0.49405
0.51265
0.37331
0.38522
0.45297
0.46939
0.59433
0.54984
0.39560
0.33785
0.34236
0.29352
0.52893
0.23180
0.20656
0.91679
0.65752
0.53923
0.45513
0.55387
0.45273
0.54765
0.54193
0.63263
0.41403
0.39636
0.43263
0.45036
0.36526
0.62222
0.57543
0.22090
0.57143
0.52144
0.36422
0.30570
0.46506
0.37983
0.34592
0.36187
0.32891
0.31171
0.53394
0.37110
0.24588
0.43042
0.21435
0.32069
0.53127
0.38770
0.47861
0.32463
0.18585
0.35450
0.41250
0.17700
0.53293
0.69962
0.44123
0.46718
0.43145
0.47804
0.39277
0.33264
0.67377
0.55374
0.26425
0.34896
0.38116
0.32528
0.53553
0.54666
0.41718
0.39620
0.42307
0.26417
0.17784
0.25857
0.68300
1.26818
0.78451
0.59905
0.72431
0.82811
0.49092
0.60793
0.56585
0.66206
0.65330
0.58234
0.45435
0.48709
0.48738
0.44754
0.40323
0.35113
0.52941
0.57183
0.66012
0.45511
0.53048
0.56024
0.43186
0.27652
0.18428
0.32670
0.46760
0.59953
0.47723
0.28540
0.34122
0.43803
0.32801
0.27557
0.23998
0.32738
0.34216
0.32406
0.37877
0.17949
0.50302
0.82285
0.68060
0.36246
0.49220
0.25750
0.75661
0.33919
0.26822
0.49730
0.27719
0.31905
0.56667
0.46612
0.44390
0.53599
0.81882
0.52082
0.29363
0.32056
0.26872
0.31580
0.28013
0.28214
0.38286
0.47643
0.33677
0.56750
0.71853
0.81540
0.41728
0.24698
0.33542
0.35753
0.37682
0.27892
0.32533
0.57500
0.25381
0.50342
0.29147
0.27011
0.40339
0.41676
0.38666
0.48504
0.25305
0.26257
0.39720
0.37216
0.37028
0.69202
0.38872
0.21613
0.36899
0.26843
0.18485
0.42343
0.53593
0.30227
0.44632
0.30921
0.38824
0.25004
0.37230
0.34181
0.29343
0.25177
0.19335
0.25896
0.35837
0.27175
0.24577
0.22815
0.26277
0.39192
0.31009
0.29348
0.41445
0.29433
0.38296
0.45969
0.33678
0.33231
0.29617
0.21891
0.19494
0.36559
0.32489
0.22674
0.30650
0.41652
0.49458
0.31919
0.22614
0.27911
0.14432
0.13741
0.07659
0.29661
0.14323
0.14534
0.43550
0.57584
0.44065
0.59999
0.62336
0.23540
0.21663
0.55732
0.18790
0.30937
0.30243
0.36044
0.46977
0.40343
0.34398
0.50733
0.47786
0.37390
0.35958
0.37257
0.27827
0.46940
0.50009
0.57479
0.34501
0.30356
0.26600
0.54419
0.42367
0.47865
0.32605
0.35045
0.44221
0.53857
0.30369
0.37776
0.23668
0.16861
0.20190
0.29479
0.22300
0.30323
0.78640
0.35085
0.15532
0.47068
0.72318
0.44995
2.48588
0.50354
0.35049
0.35231
1.04583
0.34381
0.55209
0.58848
0.55661
0.51533
0.51407
0.55870
0.54624
0.49831
0.46855
0.61179
0.54404
0.67957
0.58078
0.58140
0.55462
0.41557
0.41596
0.55831
0.61127
0.59142
0.60100
0.69220
0.93643
0.64036
0.60884
0.58341
0.49773
0.38201
0.56883
0.50847
0.45038
0.40643
0.38392
0.51224
0.58382
0.50103
0.44183
0.59869
0.39495
0.30835
0.40812
0.26429
0.40690
0.65382
0.28065
0.84239
0.53610
0.40145
0.43853
0.45283
0.45740
0.78029
0.55726
0.55671
0.35640
0.36446
0.39603
0.49769
0.60587
0.38629
0.47430
0.47922
0.45368
0.31596
0.41094
0.40978
0.40668
0.37084
0.35811
0.50177
0.51457
0.51367
0.32123
0.25288
0.30391
0.24749
0.49739
0.28054
0.16344
0.19007
0.14523
0.39140
0.53979
0.34548
0.33989
0.26534
0.35472
0.32279
0.40470
0.53814
0.20395
0.20298
0.44736
0.34209
0.51815
0.23887
0.34534
0.37304
0.43387
0.13369
0.30022
0.43242
0.16948
0.13982
0.11506
0.26101
0.21527
0.26959
0.24059
0.31186
0.20267
0.25963
0.24932
0.23833
0.51978
0.40795
0.47539
0.30604
0.51677
0.57238
0.30563
0.35403
0.16427
0.32740
0.34105
0.31075
0.34126
0.33118
0.14721
0.38071
0.36259
0.34667
0.23228
0.18079
0.16036
0.24424
0.17528
0.18534
0.31028
0.17717
0.31597
0.15697
0.09884
0.21111
0.19606
0.06461
0.06041
0.28545
0.18853
0.19670
0.04569
0.13848
0.10033
0.14685
0.15710
0.07830
0.53307
0.14507
0.13041
0.22939
0.34355
0.28132
0.07159
0.10455
0.11406
0.30608
0.27979
0.42954
0.27085
0.23864
0.13279
0.33399
0.31039
0.23884
0.68282
0.06864
0.14916
0.34217
0.47490
0.62710
0.17856
0.34356
0.30930
0.33601
0.31762
0.15239
0.43261
0.51233
0.36156
0.43416
0.30264
0.34410
0.17950
0.20344
0.28103
0.17471
0.34624
0.26501
0.57919
0.31806
0.14419
0.10110
0.15819
0.12361
0.36266
0.66716
0.36233
0.15143
0.19261
0.21538
0.14106
0.23258
0.28765
0.24388
0.38123
0.13026
0.21323
0.16501
0.26693
0.26659
0.26114
0.22686
0.20405
0.33656
0.25985
0.14418
0.20316
0.19508
0.13570
0.15515
0.08685
0.14859
0.36888
0.09117
0.23896
0.16377
0.38613
0.28324
0.22752
0.19561
0.35052
0.05358
0.05725
0.11302
0.29419
0.08276
0.12058
0.15088
0.22694
0.06695
0.14481
0.15581
0.23701
0.18831
0.36530
0.18500
0.22410
0.18710
0.19083
0.24321
0.20029
0.20176
0.16410
0.27570
0.07611
0.03578
0.12338
0.21082
1.52577
0.15728
0.33535
0.40553
0.62601
1.00918
0.44888
0.11711
0.60813
0.87522
0.38435
0.59963
0.37749
0.40610
0.47587
0.47353
0.41457
0.39323
0.42329
0.46254
0.32186
0.35588
0.36468
0.58557
0.62773
0.44036
0.37716
0.41485
0.42526
0.60057
0.42762
0.39391
2.15951
0.44626
0.47892
0.39624
0.28683
0.21101
0.39642
0.38563
0.32016
0.55873
0.40954
0.48548
0.22066
0.20717
0.14307
0.30419
0.18914
0.26551
0.19473
0.20707
0.25368
0.32333
0.55606
0.40154
0.34741
0.18377
0.18476
0.24138
0.19010
0.17574
0.37089
0.21961
0.17756
0.31404
0.30238
0.21937
0.38200
0.37076
0.36955
0.07110
0.20447
0.07351
0.14438
0.24988
0.37721
0.27722
0.23061
0.23359
0.25794
0.24758
0.30368
0.21598
0.17869
0.23877
0.29780
0.31265
0.30241
0.21047
0.32102
0.11851
0.21670
0.11303
0.17144
0.21544
0.27503
0.25155
0.07733
0.10989
0.07266
0.11325
0.17475
0.10601
0.12550
0.17123
0.06430
0.06187
0.02479
0.02975
0.20972
0.10972
0.07419
0.11024
0.09861
0.10317
0.10018
0.12774
0.06102
0.07702
0.08107
0.11402
0.03170
0.26159
0.20322
0.06960
0.00753
0.09149
0.06891
0.03711
0.30940
0.04604
0.05591
0.11288
0.10701
0.14973
0.06644
0.02130
0.00813
0.02340
0.25793
0.30705
0.20037
0.26522
0.25161
0.28742
0.62010
0.28006
0.02235
0.60788
1.77336
0.23158
0.01659
0.02730
0.02393
0.21693
0.16684
0.15780
0.08927
0.32578
0.14888
0.22852
0.18223
0.13134
0.07944
0.22679
0.13317
0.06833
0.06495
0.15950
0.22037
0.08228
0.17489
0.09784
0.09264
0.11405
0.05565
0.12771
0.38856
0.20407
0.23308
0.07937
0.04860
0.04184
0.07227
0.15740
0.08629
0.10701
0.13090
0.06504
0.17698
0.12166
0.09950
0.02002
0.05141
0.06935
0.27508
0.11566
0.06402
0.07339
0.40314
0.11039
0.21837
0.19157
0.43042
0.36990
0.20878
0.13805
0.18421
0.31578
0.22267
0.19420
0.12405
0.26127
0.06807
0.10618
0.02681
0.24360
0.31503
0.17808
0.42238
0.03444
0.15030
0.29203
0.11746
0.07924
0.31623
1.28968
0.05953
0.16148
0.07870
0.15676
0.05838
0.37995
0.28787
0.16347
0.11169
0.12489
0.08730
0.16529
0.21944
0.29568
0.11764
0.13427
0.20013
0.24412
0.06682
0.13239
0.09365
0.02001
0.08455
0.12103
0.06547
0.04664
0.14241
0.04523
0.06281
0.02331
0.04033
0.05696
0.05999
0.06324
0.05261
0.32822
0.14503
0.06549
0.24824
0.11844
0.15168
0.02252
0.04439
0.06495
0.34163
0.01212
0.09123
0.01699
0.02792
0.02315
0.03968
0.02396
0.00487
0.02561
0.10457
0.05462
0.46084
0.36100
0.01039
0.08044
0.22238
0.14204
0.05304
0.04016
0.04943
0.08695
0.09868
0.37933
0.12215
0.05277
0.04376
0.01303
0.07634
0.03528
0.16896
0.08085
0.02812
0.12160
0.19620
0.10470
0.08289
0.04136
0.03596
0.16094
0.05108
0.05606
0.06548
0.06233
0.17787
0.17614
0.16930
0.07700
0.16991
0.03502
0.02183
0.00671
0.02409
0.07413
0.23780
0.03048
0.02032
0.11549
0.12278
0.08963
0.47956
0.01177
0.03654
0.06350
0.03645
0.05948
0.24484
0.01932
0.01622
0.13951
0.04301
0.01599
0.04889
0.27331
0.04018
0.18666
0.05356
0.15643
0.10885
0.07346
0.21206
0.18485
0.16408
0.11568
0.05800
0.11076
0.18034
0.10763
0.00661
0.00730
0.07514
0.07860
0.07516
0.00442
0.13106
0.09100
0.00535
0.09193
0.01976
0.09810
0.08547
0.12534
0.06320
0.12099
0.21361
0.02550
0.08125
0.02952
0.02576
0.02954
0.03680
0.04419
0.04094
0.06017
0.03154
0.06699
0.03709
0.00621
0.00677
0.00658
0.06253
0.04142
0.03059
0.06507
0.02711
0.00973
0.00328
0.02495
0.01823
0.00324
0.00086
0.00898
0.00615
0.00037
0.19155
0.00407
0.00230
0.00319
0.01495
0.01267
0.00172
0.09525
0.00927
0.01750
0.01046
0.01587
0.01357
0.00262
0.00139
0.00043
0.00112
0.06954
0.01303
0.00100
0.00007
0.01130
0.00174
0.00237
0.00417
0.00090
0.00036
0.05933
0.01031
0.00627
0.40567
0.00806
0.02877
0.08212
0.02503
0.03998
0.03426
0.04221
0.00275
0.02993
0.17455
0.27386
0.10796
0.00050
0.02421
0.00144
0.00231
0.14762
0.00042
0.00364
0.00036
0.57966
0.00393
0.09225
0.00325
0.08372
0.03403
0.28659
0.07332
0.00639
0.05675
0.08786
0.09325
0.10343
0.04196
0.00430
0.01474
0.23231
0.17084
0.02705
0.01680
0.02196
0.05261
0.01663
0.13937
0.06256
0.14851
0.00587
0.24919
0.00892
0.13161
0.04999
0.03214
0.04369
0.09754
0.05320
0.27000
0.03295
0.04513
0.06438
0.06354
0.03464
0.01224
0.00443
0.04485
0.09397
0.16662
0.02684
0.00620
0.00258
0.04489
0.00108
0.00475
0.00462
0.00019
0.00410
0.19456
0.09886
0.05180
0.07151
0.48778
0.09238
0.01047
0.04079
0.38634
0.00745
0.00794
0.10223
0.00575
0.02327
0.03375
0.07044
0.02012
0.00620
0.06962
0.01958
0.03904
0.15037
0.05792
0.00378
0.06241
0.05283
0.08004
0.01832
0.15130
0.02435
0.00361
0.01881
0.00962
0.01275
0.00579
0.02601
0.11824
0.02663
0.01915
0.00953
0.14023
0.04627
0.00225
0.00630
0.01929
0.00074
0.01145
0.00020
0.00207
0.00298
0.02514
0.05952
0.00166
0.00356
0.01105
0.00828
0.05864
0.00961
0.00587
0.00082
0.03319
0.10901
0.00361
0.05128
0.00112
0.01158
0.03977
0.07848
0.13398
0.00064
0.00360
0.00407
0.04448
0.03459
0.01181
0.03777
0.02712
0.02359
0.02911
0.00548
0.00742
0.00732
0.00213
0.00019
0.57194
0.02824
0.01437
0.33398
0.47318
0.02041
0.06963
0.00225
0.04488
0.70081
0.17691
0.43244
0.06020
0.41085
0.03510
0.13509
0.09700
0.43570
0.19338
0.16339
0.20811
0.15994
0.16456
0.30110
0.27745
0.13873
0.04815
0.23643
0.32142
0.13358
0.08326
0.16512
0.03057
0.12172
0.17907
0.05304
0.13393
0.13968
0.15787
0.29710
0.08953
0.04789
0.14210
0.01874
0.03757
0.05449
0.02327
0.07985
0.08276
0.21824
0.00357
0.05532
0.01127
0.03365
0.03723
0.02412
0.00973
0.08146
0.01870
0.13623
0.07604
0.03839
0.04022
0.05012
0.02044
0.00791
0.07379
0.00747
0.04245
0.01114
0.02512
0.06335
0.03312
0.43697
0.08351
0.93071
0.21304
0.21363
0.42736
0.29426
0.32833
0.10957
0.01905
0.06571
0.12149
0.26236
0.59750
0.10148
0.27090
0.14843
0.07963
0.06504
0.11587
0.26065
0.44467
0.14470
0.27169
0.36670
0.15462
0.10137
0.13985
0.08592
0.11452
0.10945
0.09302
0.08831
0.11292
0.18486
0.04884
0.05666
0.15754
0.06136
0.11552
0.06619
0.06969
0.02085
0.04932
0.03181
0.05301
0.02810
0.13165
0.33492
0.10931
0.01718
0.11943
0.07740
0.11583
0.29078
0.06231
0.08437
0.03313
0.03678
0.17017
0.12674
0.00247
0.14337
0.12536
0.09970
0.14696
0.05885
0.02212
0.03448
0.02780
0.03855
0.05404
0.23353
0.28333
0.01989
0.01046
0.04142
0.07354
0.06956
0.05241
0.16092
0.07115
0.08054
0.10632
0.03504
0.06869
0.01418
0.01946
0.03995
0.04774
0.12649
0.10060
0.00172
0.01109
0.00068
0.00149
0.00445
0.00181
0.04324
0.00106
0.00345
0.01442
0.01616
0.01170
0.06784
0.00473
0.61254
0.00234
0.00094
0.02911
0.03643
0.04476
0.20737
0.89485
0.39763
0.31187
0.01319
0.03818
0.07644
0.01477
0.02485
0.00222
0.84945
0.05454
0.13774
0.03768
0.02611
0.04183
0.04215
0.10604
0.06344
0.02129
0.16023
0.02783
0.05746
0.01658
0.01279
0.04026
0.05032
0.05586
0.02288
0.06623
0.02561
0.00284
0.05588
0.04541
0.06969
0.17289
0.06619
0.12821
0.06447
0.01113
0.10135
0.12517
0.02947
0.18115
0.01889
0.02573
0.03261
0.01698
0.01728
0.00058
0.00001
0.00103
0.02599
0.02599
0.01147
0.01283
0.00127
0.00156
0.00246
0.08425
0.00646
0.03056
0.05406
0.05798
0.02493
0.02338
0.01656
0.00260
0.01519
0.00138
0.10097
0.00025
0.00096
0.00094
0.00399
0.02267
0.01027
0.00966
0.00475
0.01030
0.01241
0.00470
0.01414
0.02010
0.01461
0.01952
0.00181
0.00788
0.06381
0.00332
0.00036
0.00203
0.00787
0.00669
0.00278
0.00015
0.00156
0.00612
0.00222
0.78046
0.00031
0.00029
0.13903
0.18924
0.69736
0.00051
0.01914
0.03712
0.03451
0.07445
0.03647
0.66453
0.00158
0.70761
0.07452
0.08812
0.07453
0.03455
0.09119
0.27238
0.17656
0.07629
0.15061
0.14722
0.02348
0.04316
0.06524
0.09479
0.01742
0.03277
0.03291
0.01557
0.02438
0.03138
0.06790
0.07666
0.05111
0.03762
0.03034
0.00208
0.02083
0.13586
0.03347
0.00094
0.00701
0.00518
0.02058
0.04743
0.03091
0.03986
0.04357
0.10294
0.00504
0.10548
0.00482
0.00413
0.03393
0.04443
0.00237
0.01240
0.01500
0.00666
0.03847
0.01928
0.02043
0.01992
0.00165
0.03538
0.00196
0.00435
0.02561
0.01470
0.00169
0.00730
0.01753
0.02075
0.01331
0.00728
0.06337
0.01925
0.00605
0.00536
0.03310
0.00451
0.00475
0.00197
0.00417
0.00298
0.05572
0.00137
0.02110
0.01658
0.00764
0.01634
0.01797
0.01718
0.00031
0.00034
0.00149
0.02411
0.03066
0.00065
0.01051
0.00885
0.00062
0.00688
0.00454
0.01001
0.00125
0.00016
0.00022
0.00001
0.00001
0.00175
0.00008
0.00078
0.00005
0.00005
0.00000
0.00016
0.00613
0.00195
0.00215
0.00001
0.00148
0.00000
0.00054
0.00005
0.00058
0.00013
0.00000
0.00013
0.00453
0.00651
0.00357
0.00024
0.00005
0.00069
0.00567
0.00025
0.00006
0.00304
0.00450
0.02213
0.00025
0.00439
0.00032
0.00860
0.00451
0.00165
0.00007
0.00010
0.00124
0.00003
0.00019
0.00012
0.00002
0.00001
0.00089
0.00523
0.00078
0.00037
0.00242
0.00073
0.00065
0.00064
0.00056
0.06526
0.00464
0.00141
0.02613
0.00103
0.00001
0.00002
0.00007
0.00007
0.00005
0.00576
0.07914
0.00252
0.00127
0.00025
0.00000
0.00000
0.00034
0.00074
0.00015
0.44339
0.00000
0.30473
0.00720
0.01723
0.00006
0.00045
0.00004
0.00734
0.01784
0.00869
0.25792
0.00008
0.00009
0.00100
0.08433
0.00701
0.26537
0.02233
0.00550
0.23258
0.00280
0.00592
0.31360
0.12479
0.07812
0.00044
0.06930
0.02518
0.01781
0.01677
0.02927
0.01819
0.02358
0.04200
0.08473
0.01235
0.02960
0.03066
0.04997
0.05093
0.00230
0.04722
0.00134
0.00867
0.11365
0.00622
0.00653
0.00540
0.00971
0.03407
0.03994
0.06368
0.02899
0.00511
0.00625
0.00849
0.00108
0.00611
0.00066
0.02284
0.00071
0.00096
0.00339
0.00107
0.00098
0.00049
0.00056
0.01551
0.01704
0.01608
0.00027
0.00499
0.00121
0.00191
0.00197
0.00663
0.00098
0.00074
0.00012
0.00872
0.00888
0.03626
0.00313
0.00344
0.00150
0.00105
0.05251
0.00002
0.00234
0.00094
0.00053
0.00174
0.00018
0.06304
0.00088
0.00245
0.00085
0.00350
0.00594
0.00591
0.00095
0.01053
0.00260
0.00084
0.00327
0.00032
0.00004
0.00044
0.01632
0.00048
0.00012
0.02502
0.00111
0.00100
0.00021
0.00353
0.00084
0.00045
0.00324
0.00204
0.00003
0.00260
0.00446
0.01285
0.01131
0.00795
0.00910
0.00079
0.00050
0.00017
0.03780
0.00049
0.00001
0.00049
0.00015
0.00104
0.00010
0.02231
0.00003
0.00496
0.00241
0.01019
0.00083
0.00016
0.00102
0.00060
0.00707
0.00250
0.00006
0.00128
0.00001
0.00123
0.00131
0.00089
0.00007
0.00013
0.00002
0.00156
0.00938
0.00151
0.00022
0.00001
0.00004
0.12209
0.00011
0.00063
0.00083
0.00007
0.00125
0.00295
0.02442
0.00960
0.00172
0.03519
0.00208
0.01369
0.00250
0.00099
0.00015
0.00022
0.01516
0.00084
0.00008
0.00041
0.00188
0.00024
0.00658
0.00807
0.00302
0.00046
0.00000
0.00839
0.00023
0.04419
0.01460
0.05525
0.00047
0.00001
0.00000
0.00613
0.00494
0.10480
0.00197
0.05197
0.00046
0.00601
0.00153
0.00017
1.67102
0.00031
0.00011
0.04179
0.00880
0.00144
0.04675
0.00046
0.00010
0.06024
0.15283
0.01699
0.14679
0.15076
0.10697
0.11650
0.04633
0.10321
0.01121
0.04184
0.00010
0.00194
0.00244
0.70760
0.01778
0.00509
0.01255
0.02977
0.07938
0.18183
0.01663
0.01686
0.00717
0.01538
0.02191
0.02670
0.05626
0.02219
0.05817
0.03610
0.02951
0.08261
0.00648
0.00823
0.01440
0.00822
0.06570
0.01628
0.04015
0.01981
0.02127
0.03480
0.03043
0.00278
0.00585
0.01330
0.12005
0.00354
0.00300
0.00411
0.01687
0.00245
0.01284
0.05065
0.00724
0.00198
0.00380
0.03887
0.00348
0.00040
0.00059
0.00709
0.00014
0.00726
0.00021
0.00031
0.00062
0.00196
0.00472
0.00527
0.00319
0.00018
0.01497
0.00094
0.00023
0.04720
0.00940
0.00003
0.00154
0.00021
0.00068
0.00036
0.00087
0.00056
0.00162
0.00105
0.00003
0.00011
0.00022
0.00042
0.01450
0.00043
0.00543
0.00039
0.00017
0.00004
0.00001
0.00015
0.00273
0.00119
0.00039
0.00215
0.00019
0.00252
0.00083
0.00065
0.00097
0.00001
0.00004
0.00041
0.00048
0.00119
0.00080
0.00009
0.00030
0.00004
0.00003
0.00002
0.00002
0.00956
0.00739
0.00257
0.00017
0.00003
0.00023
0.01319
0.01236
0.01189
0.00295
0.00042
0.00207
0.00515
0.00082
0.00159
0.00016
0.00014
0.00005
0.00103
0.00062
0.00159
0.00015
0.00025
0.00015
0.00036
0.00049
0.00039
0.00046
0.00020
0.00014
0.00000
0.00017
0.00001
0.00004
0.00046
0.00006
0.00077
0.00157
0.00353
0.00006
0.00074
0.00006
0.00000
0.00038
0.00004
0.00014
0.00002
0.00000
0.00002
0.00000
0.00000
0.00001
0.00001
0.00002
0.00055
0.00011
0.00006
0.00128
0.00037
0.00114
0.00007
0.00001
0.00007
0.00077
0.00012
0.00016
0.00003
0.00039
0.00051
0.00504
0.00051
0.00151
0.00134
0.00103
0.00086
0.00000
0.00005
0.00000
0.00013
0.00086
0.00130
0.00060
0.00020
0.00331
0.00532
0.00214
0.00138
0.00010
0.00023
0.00001
0.00001
0.00002
0.00005
0.00206
0.00216
0.00177
0.00035
0.00020
0.00039
0.00000
0.00001
0.00293
