0.84524
1.41279
4.90670
0.76596
1.12722
1.06192
2.46534
1.01728
0.83957
0.55387
0.59379
0.54394
1.55606
0.99928
0.61563
1.33973
1.44774
1.04114
0.71934
0.69870
0.68487
0.74694
0.76675
0.76120
0.65306
0.65850
0.67369
0.68017
0.65466
0.68403
0.67704
0.67612
0.68233
0.71047
0.69825
0.63739
0.69001
0.69701
0.67563
0.67536
0.66579
0.65571
0.60758
0.64987
0.61523
0.85642
0.77850
0.73838
0.69270
0.67634
0.66867
0.69205
0.71243
0.69543
0.75725
0.71933
0.70262
0.67674
0.68227
0.68780
0.74531
0.71524
0.69459
0.70197
0.70834
0.70765
0.67521
0.67127
0.68858
0.72145
0.72162
0.68114
0.68385
0.65990
0.63452
0.68660
0.70123
0.71371
0.62312
0.62026
0.60667
0.67675
0.67979
0.67642
0.74038
0.71579
0.70214
0.69255
0.66052
0.66086
0.69010
0.68911
0.68580
0.67924
0.68933
0.68513
0.68709
0.67697
0.67262
0.64915
0.64512
0.64486
0.62850
0.62039
0.59871
0.87133
0.89306
0.79155
0.76499
0.72888
0.71617
0.69720
0.68824
0.67617
0.71442
0.71210
0.71245
0.67783
0.67393
0.67598
0.71171
0.71707
0.71461
0.70242
0.70146
0.70204
0.69671
0.69795
0.68949
0.66545
0.65407
0.64146
0.74584
0.74450
0.77151
0.70340
0.70725
0.70173
0.67840
0.69218
0.68946
0.68894
0.68837
0.68752
0.68836
0.69073
0.68716
0.69232
0.69080
0.69219
0.67754
0.67696
0.67691
0.67932
0.67856
0.67897
0.67917
0.67745
0.67880
0.70691
0.70897
0.70409
0.70377
0.70449
0.70520
0.68349
0.67632
0.67591
0.69532
0.69336
0.69522
0.63967
0.64273
0.63393
0.70382
0.70196
0.70295
0.72041
0.72550
0.71442
0.66847
0.66711
0.66869
0.73483
0.73294
0.71832
0.67031
0.66668
0.66675
0.70483
0.70223
0.70209
0.67689
0.67760
0.67613
0.67813
0.67824
0.67737
0.68485
0.68403
0.68553
0.69378
0.69155
0.69158
0.67482
0.67389
0.67759
0.65219
0.65068
0.64997
0.67518
0.67421
0.67624
0.68386
0.68526
0.68458
0.70968
0.71043
0.71100
0.76432
0.75853
0.75125
0.68410
0.68039
0.68266
0.67275
0.67418
0.67427
0.69454
0.69133
0.69686
0.66406
0.66810
0.66455
0.72313
0.72318
0.71699
0.69193
0.69201
0.69259
0.72972
0.72712
0.72678
0.67522
0.67649
0.67663
0.70678
0.70494
0.69724
0.68054
0.66866
0.65954
0.74793
0.75455
0.73816
0.68960
0.69015
0.68925
0.69355
0.69384
0.69474
0.67328
0.67042
0.66976
0.70951
0.71053
0.71228
0.64556
0.64413
0.64365
0.66189
0.66184
0.65932
0.65309
0.65003
0.64024
0.75097
0.75358
0.75159
0.62436
0.62823
0.62480
0.66855
0.66228
0.66075
0.70368
0.69549
0.70788
0.69686
0.69313
0.68539
0.60539
0.59344
0.56168
0.80977
0.79499
0.72719
0.68498
0.68029
0.67865
0.63436
0.63914
0.63821
0.67814
0.68570
0.67600
0.65327
0.65491
0.64576
0.64727
0.64153
0.63483
0.70337
0.71308
0.70584
0.69420
0.69841
0.69783
0.71515
0.69810
0.70124
0.65533
0.65834
0.65778
0.65829
0.66201
0.66039
0.67159
0.67249
0.67317
0.65429
0.65817
0.65278
0.63150
0.62897
0.61981
0.70583
0.70892
0.71239
0.75257
0.74290
0.73026
0.66680
0.66573
0.66719
0.73493
0.73170
0.72581
0.64204
0.64733
0.63740
0.69528
0.70404
0.69751
0.70675
0.69571
0.67799
0.66123
0.66705
0.67164
0.70753
0.70360
0.69108
0.68182
0.66483
0.62483
0.71234
0.76609
0.73831
0.64154
0.62764
0.63073
0.76535
0.72053
0.69488
0.71795
0.69301
0.68689
0.72849
0.73211
0.73097
0.71072
0.71051
0.70874
0.67747
0.66938
0.67163
0.70957
0.72325
0.72744
0.66982
0.67040
0.65980
0.68735
0.67944
0.68496
0.69138
0.69480
0.69660
0.69430
0.69081
0.69613
0.69359
0.69429
0.68743
0.67183
0.67088
0.67302
0.68995
0.67415
0.65878
0.64727
0.65127
0.64852
0.67446
0.68113
0.68441
0.70291
0.68653
0.67843
0.73056
0.72253
0.72044
0.67084
0.67216
0.67159
0.66469
0.66225
0.66205
0.68761
0.68755
0.68534
0.67663
0.67675
0.67229
0.66912
0.66908
0.66907
0.69900
0.69952
0.70069
0.69938
0.69892
0.69908
0.72568
0.72642
0.72374
0.65665
0.65565
0.65650
0.64804
0.64615
0.64507
0.69344
0.69350
0.69151
0.66935
0.66910
0.66812
0.69047
0.68881
0.68721
0.68619
0.67908
0.67399
0.72422
0.73287
0.71764
0.68854
0.68607
0.68850
0.67216
0.68032
0.67705
0.68563
0.68365
0.65851
0.67950
0.70685
0.69076
0.79266
0.71003
0.65028
0.68487
0.66956
0.67492
0.81120
0.71351
0.69710
0.62825
0.63415
0.63162
0.67345
0.67460
0.66998
0.63579
0.63898
0.62530
0.66686
0.66609
0.65470
0.74670
0.71559
0.70386
0.70686
0.70656
0.70787
0.67732
0.67849
0.67733
0.71994
0.71658
0.71515
0.67028
0.67120
0.67085
0.71001
0.70972
0.70963
0.68087
0.68077
0.68319
0.71217
0.71214
0.71163
0.69321
0.69395
0.69249
0.69402
0.69439
0.69223
0.70608
0.70649
0.70801
0.70665
0.70349
0.70201
0.66255
0.66182
0.66202
0.70146
0.70074
0.69611
0.68530
0.68055
0.68063
0.71128
0.70734
0.71497
0.66594
0.66320
0.66170
0.64370
0.64210
0.63871
0.65090
0.64836
0.64812
0.65483
0.65278
0.65099
0.71993
0.72009
0.71929
0.68231
0.68265
0.67927
0.70046
0.69622
0.69541
0.72294
0.72220
0.72103
0.73140
0.72882
0.72647
0.68514
0.68752
0.69254
0.69373
0.68937
0.68352
0.67880
0.67972
0.67500
0.71026
0.71258
0.71164
0.66448
0.66603
0.66735
0.64854
0.64597
0.64781
0.69339
0.69672
0.69038
0.68961
0.68683
0.68704
0.70060
0.70165
0.70249
0.66564
0.66726
0.66775
0.64987
0.65141
0.64760
0.70251
0.70442
0.70544
0.64988
0.65243
0.64739
0.60606
0.61030
0.60721
0.70266
0.70564
0.70666
0.69655
0.69882
0.69511
0.66779
0.66506
0.66811
0.65520
0.65444
0.65370
0.61796
0.61649
0.61319
0.67631
0.67711
0.67746
0.67445
0.66948
0.66858
0.68229
0.68002
0.68176
0.75448
0.75224
0.75034
0.70372
0.69972
0.69989
0.75841
0.75316
0.75198
0.70157
0.70004
0.69481
0.75689
0.75269
0.74283
0.71876
0.71806
0.71551
0.69450
0.69560
0.69033
0.66612
0.66052
0.66334
0.68924
0.69428
0.68900
0.69391
0.69320
0.69110
0.66015
0.66401
0.66256
0.68159
0.68819
0.68661
0.63352
0.63048
0.62767
0.68620
0.68000
0.68751
0.71316
0.71550
0.71129
0.68893
0.69607
0.69690
0.68727
0.68914
0.68996
0.66497
0.66330
0.65870
0.68997
0.69097
0.68378
0.69844
0.70000
0.68172
0.70588
0.71032
0.71077
0.65745
0.65823
0.66284
0.66018
0.66060
0.65928
0.69340
0.68422
0.68429
0.69886
0.69677
0.70376
0.71354
0.70889
0.70410
0.66597
0.67617
0.67373
0.68232
0.67792
0.67936
0.71518
0.72407
0.71156
0.67952
0.67659
0.68112
0.69547
0.69235
0.70022
0.66216
0.66308
0.66211
0.69909
0.69508
0.69899
0.67450
0.67977
0.67553
0.65062
0.65301
0.65044
0.70109
0.70464
0.70997
0.67647
0.68094
0.67766
0.73041
0.72451
0.72485
0.70035
0.70002
0.69696
0.71421
0.71463
0.70890
0.70607
0.70161
0.69915
0.68002
0.67931
0.68118
0.67835
0.66390
0.65830
0.71736
0.71058
0.71474
0.64971
0.65048
0.64494
0.86723
0.83020
0.74515
0.67348
0.66556
0.66755
0.71330
0.71529
0.71367
0.65650
0.65544
0.65671
0.69505
0.68716
0.67361
0.68422
0.68759
0.68529
0.62953
0.62488
0.62324
0.60681
0.58265
0.59358
0.67604
0.68388
0.66538
0.71710
0.72948
0.73229
0.68695
0.68492
0.67982
0.63979
0.64655
0.63674
0.55900
0.59417
0.55583
0.78583
0.68825
0.68398
0.64751
0.64526
0.64919
0.69502
0.70080
0.70014
0.72598
0.72659
0.72584
0.69735
0.69793
0.69651
0.71152
0.71029
0.70977
0.65817
0.65726
0.65901
0.70115
0.70300
0.70223
0.69876
0.69556
0.68556
0.70902
0.70808
0.72247
0.66609
0.65913
0.64402
0.75246
0.82338
0.69199
0.69308
0.68455
0.68308
0.68135
0.68231
0.68303
0.66726
0.66603
0.66559
0.71826
0.71738
0.71801
0.68197
0.68277
0.68277
0.70134
0.70050
0.70085
0.66906
0.67078
0.66488
0.67855
0.68039
0.68174
0.68389
0.68746
0.68749
0.68904
0.69443
0.69405
0.61104
0.61220
0.61068
0.65346
0.65710
0.65836
0.64656
0.65137
0.65313
0.62145
0.62236
0.61464
0.61878
0.57943
0.63989
0.79698
0.78924
0.69602
0.61907
0.63244
0.63928
0.68316
0.68208
0.68148
0.63149
0.62703
0.62986
0.67225
0.67181
0.66382
0.69579
0.68860
0.68374
0.65953
0.65687
0.66342
0.67449
0.66736
0.63372
0.75252
0.72396
0.70141
0.71421
0.70725
0.70649
0.68512
0.68581
0.68387
0.68679
0.68026
0.68425
0.71086
0.71378
0.69837
0.73170
0.72305
0.71036
0.70359
0.70755
0.70197
0.67829
0.68127
0.67486
0.69943
0.69935
0.69790
0.65526
0.65400
0.65368
0.63966
0.63925
0.63335
0.70498
0.71817
0.71274
0.66434
0.66490
0.66677
0.68480
0.68408
0.68468
0.69560
0.69236
0.69546
0.59981
0.58945
0.57345
0.84934
0.80251
0.74624
0.74356
0.73036
0.72491
0.69861
0.69771
0.69770
0.69682
0.69773
0.69709
0.69729
0.69733
0.69662
0.69675
0.69618
0.69583
0.69632
0.69658
0.69572
0.65719
0.65759
0.65693
0.68853
0.68868
0.68740
0.69124
0.68971
0.68278
0.65260
0.65448
0.65085
0.62658
0.62285
0.62093
0.65155
0.64631
0.64638
0.71820
0.71417
0.71564
0.65605
0.65124
0.65356
0.58852
0.59268
0.58553
0.62769
0.62765
0.62861
0.86859
0.86439
0.85640
0.75678
0.74069
0.71518
0.69629
0.68836
0.68893
0.67247
0.67575
0.67083
0.68472
0.68268
0.68233
0.67026
0.67202
0.65837
0.71820
0.72971
0.70954
0.65590
0.67736
0.63838
0.75846
0.73426
0.72576
0.64496
0.66651
0.67908
0.70724
0.70716
0.70828
0.68802
0.68851
0.68227
0.67362
0.65244
0.66215
0.68033
0.66492
0.64341
0.70680
0.71209
0.71271
0.66439
0.66706
0.66383
0.68116
0.69020
0.68310
0.66595
0.66727
0.66471
0.75120
0.74246
0.75073
0.72773
0.72936
0.72262
0.71347
0.71147
0.70489
0.66628
0.66890
0.66932
0.64177
0.64318
0.64341
0.71706
0.71780
0.71831
0.61461
0.60865
0.60816
0.69373
0.69428
0.69096
0.64232
0.65264
0.64764
0.67821
0.67711
0.67698
0.67733
0.67723
0.67872
0.68459
0.68907
0.68334
0.65395
0.67412
0.64774
0.64939
0.65959
0.64531
0.75718
0.73748
0.71650
0.66362
0.66851
0.66830
0.66484
0.66946
0.66934
0.69208
0.69014
0.69306
0.66317
0.66150
0.66613
0.75730
0.76975
0.75925
0.64643
0.65037
0.64984
0.65542
0.66309
0.65207
0.64084
0.64259
0.63489
0.58569
0.57745
0.57469
0.60081
0.60714
0.59379
0.58355
0.58962
0.55110
0.68134
0.65135
0.63644
0.68444
0.65581
0.66381
0.42746
0.88397
0.60842
1.19263
0.69325
0.67644
0.71700
0.71222
0.70759
0.67284
0.69071
0.70835
0.71900
0.72943
0.71954
0.72062
0.69909
0.68569
0.69990
0.68391
0.68055
0.65436
0.64849
0.65917
0.63452
0.61272
0.61851
1.63809
0.81022
0.71524
0.68740
0.68973
0.69160
0.68796
0.68576
0.68203
0.69142
0.69001
0.68875
0.69597
0.69644
0.69489
0.66371
0.65868
0.66371
0.71096
0.71323
0.70983
0.70017
0.69587
0.69436
0.66706
0.66482
0.66187
0.66015
0.66002
0.65592
0.65074
0.64460
0.63805
0.66307
0.66293
0.66414
0.59567
0.59366
0.58627
0.65181
0.65436
0.65179
0.67219
0.67312
0.66566
0.65666
0.65465
0.65081
0.70798
0.69468
0.69775
0.70018
0.70267
0.69941
0.69435
0.69145
0.67862
0.71120
0.67080
0.72285
0.78425
0.73666
0.69908
0.71350
0.72085
0.70319
0.65070
0.65009
0.64283
0.60398
0.58662
0.57223
0.79512
0.78045
0.73790
0.70238
0.70749
0.70354
0.69685
0.69792
0.69229
0.67682
0.67258
0.65508
0.68605
0.66343
0.62289
0.96838
0.76993
0.69613
0.67949
0.67364
0.66914
0.69498
0.70407
0.70605
0.67104
0.66305
0.66705
0.62693
0.62426
0.61497
0.63575
0.62626
0.62814
0.73946
0.73768
0.72845
0.62571
0.62317
0.61959
0.66542
0.65080
0.65825
0.69553
0.69277
0.68570
0.74915
0.73751
0.72246
0.70779
0.70965
0.70669
0.68609
0.68459
0.68500
0.69989
0.70755
0.70398
0.67800
0.67646
0.65893
0.70663
0.70894
0.71611
0.70934
0.70829
0.70937
0.70961
0.69859
0.70818
0.63166
0.62614
0.62224
0.72532
0.74852
0.72980
0.68512
0.68056
0.67746
0.66650
0.65653
0.65988
0.69437
0.70494
0.70404
0.68877
0.70647
0.70296
0.66307
0.66114
0.66060
0.67294
0.67536
0.67839
0.67654
0.67632
0.68458
0.68646
0.68464
0.68598
0.68783
0.68614
0.68912
0.63686
0.63458
0.62869
0.65834
0.65538
0.65180
0.70528
0.71194
0.71619
0.71218
0.71338
0.71064
0.71080
0.70615
0.69339
0.71419
0.70136
0.71659
0.64541
0.63942
0.66255
0.67342
0.67644
0.67300
0.65911
0.65517
0.67553
0.69947
0.70049
0.69764
0.63432
0.65788
0.63538
0.64355
0.64536
0.62714
0.65492
0.65670
0.68391
0.55981
0.54665
0.52568
0.71192
0.69462
0.67203
0.60699
0.65484
0.64849
0.68076
0.66604
0.63126
0.62869
0.61656
0.63939
0.54908
0.56156
0.55687
0.60622
0.61681
0.60941
0.88253
0.86033
0.80096
0.66648
0.67501
0.67863
0.68520
0.68326
0.68836
0.70093
0.69627
0.69721
0.72681
0.73160
0.72355
0.64737
0.65411
0.65347
0.71202
0.71413
0.71077
0.65475
0.66228
0.65490
0.67388
0.67883
0.66936
0.68287
0.68979
0.68009
0.69890
0.68790
0.67024
0.67272
0.66733
0.66900
0.75095
0.73873
0.71795
0.72066
0.72529
0.72935
0.63804
0.63740
0.63184
0.71812
0.71722
0.71399
0.71617
0.70023
0.70392
0.64864
0.65364
0.65168
0.73369
0.73084
0.72004
0.71309
0.70466
0.69963
0.70741
0.72891
0.72092
0.65069
0.66871
0.65956
0.66299
0.66796
0.65860
0.66768
0.66414
0.66605
0.69919
0.69882
0.69002
0.68875
0.70067
0.68719
0.66393
0.66258
0.65755
0.66472
0.65870
0.65395
0.62664
0.62595
0.60326
0.82158
0.78086
0.77588
0.67960
0.66865
0.66864
0.69205
0.69506
0.68450
0.66641
0.66575
0.65442
0.68621
0.66234
0.67838
0.70666
0.70720
0.69087
0.62123
0.58050
0.56560
0.62380
0.64447
0.65930
0.78242
0.65721
0.64029
0.61126
0.64650
0.64173
0.65037
0.62859
0.62269
0.55967
0.58012
0.56962
0.67027
0.68899
0.68167
0.57650
0.61752
0.58354
0.69873
0.71833
0.66025
0.77057
0.75933
0.72139
0.71566
0.69864
0.66361
0.66658
0.68214
0.67749
0.65732
0.58754
0.60585
0.62575
0.61638
0.65825
0.92861
0.70272
0.57417
0.79707
0.72656
0.70935
0.72280
0.70164
0.69759
0.65428
0.64964
0.64859
0.68029
0.66381
0.63593
0.63202
0.61685
0.66901
0.65471
0.68239
0.66545
0.65703
0.66137
0.60433
0.70531
0.67175
0.67284
0.68570
0.68255
0.68812
0.62198
0.58928
0.62005
0.69887
0.59256
0.67355
0.61072
0.64895
0.62772
0.55092
0.59006
0.46951
0.55851
0.56758
0.83186
0.68166
0.59109
0.50786
0.58880
0.67705
0.58680
0.48441
0.66893
0.54385
0.69547
0.62620
0.65459
0.66645
0.64642
0.63310
0.71626
0.72076
0.70251
0.69578
0.69940
0.70246
0.65184
0.65680
0.65299
0.72506
0.71508
0.72234
0.66832
0.67094
0.67396
0.69254
0.68894
0.68610
0.66471
0.66418
0.66258
0.71626
0.71842
0.71476
0.69126
0.69879
0.69659
0.68420
0.68638
0.68644
0.67237
0.66421
0.66479
0.63018
0.63097
0.63837
0.66151
0.64968
0.63063
0.78485
0.74319
0.72808
0.69738
0.67687
0.69882
0.73457
0.73384
0.72380
0.70352
0.69981
0.70374
0.69367
0.68801
0.68494
0.66476
0.66006
0.66877
0.66386
0.64451
0.60467
0.66396
0.69483
0.68219
1.03267
0.71796
0.69298
0.69169
0.69142
0.68794
0.67625
0.66165
0.64261
0.64880
0.65290
0.65030
0.67976
0.69004
0.65765
0.65609
0.69540
0.67227
0.61399
0.59203
0.57620
0.66937
0.73447
0.69233
0.65227
0.60206
0.63936
0.51523
0.53092
0.47020
0.52285
0.51235
0.42259
0.68994
0.61580
0.41768
0.59669
0.86783
1.11278
0.74883
0.69532
0.69640
0.56568
0.56525
0.59395
0.58713
0.56234
0.57272
0.60759
0.58494
0.59653
0.59834
0.62023
0.64991
0.70231
0.66932
0.64065
0.65963
0.66911
0.66552
0.65148
0.66413
0.64615
0.59808
0.63613
0.57785
0.64103
0.68787
0.73287
0.77426
0.56499
0.71794
0.70398
0.59650
0.68227
0.60324
0.60483
0.62436
0.52100
0.54001
0.54939
0.50488
0.48144
0.47199
1.14982
0.82327
0.55932
0.57103
0.60984
0.60944
0.70200
0.68018
0.66491
0.69120
0.64604
0.58036
0.59689
0.61545
0.59848
0.74694
0.75555
0.71295
0.74956
0.75076
0.73228
0.67424
0.65335
0.64331
0.65345
0.66672
0.66391
0.63198
0.61039
0.60640
0.74489
0.77502
0.70184
0.93688
0.67060
0.64247
0.60886
0.61046
0.57862
0.63090
0.62995
0.61019
0.65733
0.64104
0.61795
0.57262
0.52912
0.56378
0.89047
0.84813
0.84279
0.61497
0.62386
0.61638
0.67323
0.66782
0.65381
0.68570
0.67124
0.69899
0.65860
0.68006
0.65722
0.61898
0.65332
0.65292
0.61864
0.64435
0.69183
0.64428
0.62393
0.64755
0.70540
0.67300
0.70614
0.64434
0.61188
0.57521
0.63880
0.55072
0.62399
0.58123
0.60599
0.57017
0.65650
0.61105
0.67021
0.52941
0.53453
0.62248
0.69425
0.56726
0.69339
0.49324
0.43800
0.47141
0.65546
0.71938
0.54150
0.44268
0.54924
0.47782
0.54960
0.46462
0.46488
0.61550
0.62803
0.65839
0.50041
0.35112
0.34974
0.67485
0.65406
0.52060
0.70717
0.66596
0.62462
0.62225
0.74808
0.91889
0.71346
0.62694
0.71091
0.64922
0.60711
0.64580
0.62420
0.56400
0.57572
0.61589
0.64186
0.66031
0.47154
0.41796
0.47497
0.85339
0.90615
0.72702
0.59005
0.60693
0.56984
0.64386
0.69738
0.61545
0.55175
0.60725
0.57611
0.75011
0.73691
0.77950
0.66206
0.62788
0.70380
0.60897
0.62248
0.64474
0.57617
0.56544
0.50303
0.52865
0.56207
0.55735
0.60852
0.55976
0.57386
0.57158
0.70011
0.59264
0.45046
0.37664
0.50470
0.64067
0.55060
0.63141
0.43050
0.32294
0.37648
0.37626
0.51852
0.37080
0.49951
0.53679
0.48445
0.43618
0.54001
0.46778
1.22578
0.77777
0.71415
0.78841
0.73417
0.73343
0.66271
0.65727
0.63979
0.89245
0.75082
0.68648
0.74022
0.73359
0.72824
0.68866
0.68663
0.68870
0.71096
0.70411
0.70072
0.68525
0.68630
0.67991
0.68414
0.68592
0.68949
0.70296
0.70294
0.70423
0.68088
0.67874
0.67945
0.67366
0.66966
0.66106
0.64019
0.63281
0.63298
0.70467
0.65503
0.65280
0.70062
0.69787
0.69268
0.67002
0.66958
0.66818
0.69604
0.69675
0.69531
0.70985
0.70661
0.70526
0.70925
0.71011
0.70739
0.67706
0.67773
0.67267
0.72512
0.71157
0.68749
0.68496
0.68614
0.68410
0.69409
0.69988
0.70142
0.70098
0.69769
0.69847
0.69422
0.69473
0.69440
0.65925
0.65888
0.65706
0.70273
0.69804
0.70013
0.67403
0.67775
0.67607
0.74588
0.73265
0.71371
0.68978
0.68480
0.68385
0.64158
0.63738
0.62481
0.70340
0.71146
0.70577
0.76220
0.74812
0.74222
0.68266
0.67883
0.68506
0.61443
0.62556
0.61786
0.69642
0.69674
0.69367
0.65128
0.64659
0.64856
0.68401
0.68196
0.68208
0.67088
0.67625
0.67792
0.73646
0.74331
0.73801
0.69046
0.69448
0.69072
0.65725
0.66764
0.67979
0.71217
0.71247
0.70542
0.67269
0.66915
0.67898
0.66762
0.67239
0.67704
0.65302
0.66379
0.64979
0.67028
0.66854
0.66588
0.68255
0.67824
0.68401
0.70089
0.70250
0.69419
0.70555
0.69600
0.69416
0.58879
0.59900
0.59055
0.57998
0.57753
0.56029
0.66645
0.66609
0.67197
0.77123
0.75171
0.74293
0.56620
0.56223
0.56311
0.66455
0.68470
0.65941
0.65852
0.65516
0.63314
0.67838
0.66752
0.67584
0.72901
0.74507
0.72002
0.71393
0.69573
0.68870
0.72618
0.72794
0.72497
0.67215
0.67309
0.67347
0.71396
0.70524
0.69033
0.71026
0.70914
0.70170
0.70437
0.70620
0.70299
0.69243
0.69255
0.69453
0.69762
0.69679
0.69648
0.68708
0.68828
0.68690
0.67933
0.67973
0.67901
0.67327
0.66852
0.66432
0.68805
0.68956
0.68786
0.66998
0.66263
0.64365
0.62388
0.61603
0.61696
1.93134
0.94712
0.74942
0.69981
0.70007
0.70327
0.64392
0.62191
0.61276
0.66398
0.66652
0.66215
0.65711
0.67719
0.66690
0.73896
0.70366
0.69307
0.59243
0.57883
0.57155
0.67523
0.61761
0.62736
0.69579
0.68271
0.63088
0.72695
0.66804
0.65019
0.61222
0.62601
0.59757
0.63993
0.70719
0.57790
0.60075
0.56651
0.58461
0.68885
0.58429
0.58305
0.65276
0.68899
0.59136
0.75712
0.68985
0.69311
0.59013
0.60056
0.58751
0.61520
0.52521
0.49579
0.53945
0.61584
0.51521
0.66094
0.51767
0.53794
1.00317
0.80378
0.67788
0.49818
0.53209
0.52217
0.58965
0.54484
0.53728
0.72497
0.68289
0.65573
0.71145
0.69276
0.63655
0.67670
0.64421
0.65392
0.57714
0.54291
0.49764
0.56818
0.76288
0.61473
0.63247
0.55302
0.55307
0.54773
0.50720
0.39880
0.53174
0.56221
0.45197
0.29193
0.35195
0.30850
1.16826
0.40892
0.40452
0.71287
0.61040
0.53399
0.68937
0.64690
0.67975
0.68025
0.66761
0.59550
0.62690
0.62431
0.60604
0.81423
0.69270
0.81494
0.63999
0.64057
0.64504
0.62893
0.65524
0.66745
0.68335
0.63499
0.68468
0.65852
0.66203
0.67216
0.63749
0.59550
0.62140
0.63675
0.59253
0.64805
0.58803
0.59540
0.58769
0.59755
0.65693
0.60557
0.57035
0.80087
0.65178
0.70677
0.61889
0.53849
0.45856
0.48570
0.47429
0.55242
0.53831
0.48911
0.51778
0.51266
0.53896
0.65707
0.62258
0.56379
0.65407
0.38102
0.48488
0.55481
0.42524
0.43921
0.45578
0.48265
0.62451
0.56461
0.58488
0.46433
0.40458
0.39674
0.54150
0.43628
0.87041
0.59116
0.86458
0.53059
0.52699
0.87696
0.74889
0.74935
0.93623
0.75588
0.80091
0.67626
0.67464
0.66916
0.73529
0.70418
0.75825
0.66394
0.63983
0.63555
0.65143
0.63410
0.64850
0.64435
0.62577
0.60367
0.51213
0.46662
0.44314
0.69989
0.66510
0.68963
0.81576
0.79843
0.69787
0.55996
0.57194
0.60531
0.58954
0.60616
0.54377
0.54482
0.55048
0.56895
0.48165
0.48328
0.49199
0.70574
0.65339
0.61762
0.48820
0.45644
0.45975
0.83044
0.80066
0.61646
0.57531
0.61098
0.57156
0.71474
0.71067
0.66934
0.66972
0.65324
0.66551
0.56970
0.66197
0.60118
0.69551
0.67316
0.61212
0.60386
0.58573
0.56360
0.71201
0.73348
0.64444
0.49498
0.48894
0.46691
0.71490
0.68406
0.69713
0.52927
0.68377
0.50249
0.46986
0.45573
0.39708
0.33901
0.34334
0.33275
0.41952
0.36026
0.37775
0.38373
0.34676
0.70829
0.67571
0.57173
0.56236
0.88705
0.69321
0.77520
0.66359
0.50076
0.42651
0.61379
0.45590
0.60008
0.66166
0.61935
0.61734
0.63190
0.54433
0.54540
0.66945
0.67659
0.61688
0.59369
0.61600
0.74928
0.63066
0.59129
0.54846
0.62295
0.86975
0.64048
0.46127
0.51973
0.42186
0.58779
0.51040
0.52320
0.54138
0.57501
0.58038
0.59586
0.72815
0.83898
0.61629
0.60676
0.53453
0.50858
0.56279
0.43995
0.81403
0.90465
0.79812
0.73348
0.73164
0.65263
0.64424
0.59965
0.57570
0.60583
0.62707
0.61933
0.65288
0.62317
0.62115
0.62112
0.65321
0.65725
0.45956
0.49376
0.46863
0.44772
0.43105
0.37739
0.57496
0.57250
0.59925
0.73795
0.71701
0.61765
0.71039
0.61300
0.54341
0.70875
0.57007
0.61736
0.59526
0.58517
0.55594
0.68661
0.57541
0.68801
0.64500
0.48275
0.48264
0.53418
0.65056
0.47183
0.67429
0.54839
0.60123
0.84281
0.71480
0.64019
0.62726
0.65395
0.57701
0.45559
0.51341
0.52265
0.72556
0.68659
0.61116
0.47943
0.56143
0.54635
0.64286
0.60491
0.58714
0.53245
0.49711
0.49946
0.51393
0.49690
0.52595
0.47055
0.40959
0.75725
0.69073
0.75082
0.67389
0.41589
0.61353
0.46217
0.62651
0.63040
0.64252
0.54781
0.59087
0.62190
0.77854
0.74076
0.60214
0.69076
0.67866
0.68671
0.58117
0.59343
0.54531
0.55459
0.51414
0.54217
0.54530
0.51374
0.54448
0.60183
0.62523
0.54790
0.55317
0.60450
0.57103
0.50203
0.41296
0.43536
0.45649
0.61165
0.52680
0.69753
0.69016
0.67330
0.52459
0.41569
0.49568
0.56863
0.52206
0.51610
0.47643
0.45234
0.41113
0.60270
0.70793
0.43579
0.64689
0.67836
0.63145
0.39242
0.36782
0.42545
0.60685
0.36360
0.49933
0.82927
0.71280
0.65056
0.62086
0.46939
0.60940
0.68952
0.63879
0.63868
0.48451
0.46274
0.45931
0.55518
0.55068
0.49400
0.60210
0.61658
0.61051
0.67144
0.46785
0.56087
0.62931
0.59426
0.55146
0.36939
0.40030
0.46483
0.57374
0.53534
0.54701
0.60917
0.46812
0.35896
0.51457
0.51910
0.51703
0.66250
0.66263
0.82823
0.38518
0.47996
0.36734
0.49484
0.51245
0.59076
0.49692
0.56423
0.45949
0.56993
0.55066
0.62015
0.51119
0.44108
0.51828
0.59546
0.54318
0.51096
0.47648
0.47156
0.55774
0.45449
0.42700
0.30986
0.47286
0.49467
0.43504
0.57823
0.41868
0.64887
0.36307
0.38945
0.38855
0.34446
0.48747
0.32473
0.49574
0.49167
0.33954
0.34452
0.70038
0.56183
0.37739
0.33230
0.45851
0.50945
0.53899
0.48112
0.74977
0.48739
0.41903
0.63791
0.60803
0.50499
0.46181
0.34165
0.47607
0.63066
0.44131
0.31863
0.55410
0.59908
0.51681
0.30987
0.41385
0.26734
0.47359
0.32501
0.44734
0.64871
0.49934
0.51778
0.63283
0.47783
0.43507
0.58949
0.48227
0.66697
0.63557
0.60541
0.55834
0.45757
0.44594
0.39502
0.56734
0.44175
0.40059
0.46580
0.32375
0.34833
0.45591
0.74886
0.51172
0.79272
0.69273
0.63140
0.73909
0.66033
0.49838
0.43751
0.43622
0.46482
0.82149
0.67879
0.60012
0.63120
0.62969
0.61660
0.63921
0.62536
0.62826
0.70323
0.59643
0.56725
0.68716
0.60387
0.56137
0.62271
0.67190
0.62330
0.56886
0.60668
0.58462
0.52808
0.55015
0.52910
0.66452
0.58645
0.50979
0.38574
0.39815
0.33595
0.54807
0.58181
0.89626
0.37095
0.41497
0.42701
0.44919
0.37286
0.47473
0.46870
0.47482
0.36640
0.45146
0.35698
0.39913
0.65276
0.47098
0.55332
0.93492
0.66466
0.61094
0.40400
0.66769
0.53075
0.74760
0.38532
0.36072
0.54981
0.63510
0.61405
0.52901
0.52097
0.45214
0.57102
0.54945
0.48590
0.51495
0.53411
0.46807
0.48858
0.38437
0.44807
0.72287
0.52517
0.39724
0.56518
0.73843
0.83131
0.93912
0.70396
0.58824
0.47957
0.48046
0.50163
0.58917
0.41606
0.48292
0.43019
0.47864
0.39867
0.55899
0.59767
0.59665
0.41433
0.35067
0.46192
0.54330
0.50508
0.60961
0.49058
0.50305
0.40900
0.43654
0.61304
0.38076
0.72234
0.44684
0.59071
0.68209
0.55312
0.56711
0.54105
0.47111
0.56468
0.45619
0.43195
0.51185
0.44648
0.36943
0.36515
0.81956
0.72782
0.68025
0.73292
0.70440
0.57156
0.61499
0.81798
0.62527
0.56512
0.67853
0.61109
0.68140
0.64083
0.71648
0.56256
0.55979
0.57319
0.56294
0.63703
0.55079
0.56565
0.55808
0.54461
0.52183
0.52515
0.53635
0.33253
0.35740
0.40604
0.45337
0.48620
0.43863
0.33109
0.34965
0.38721
0.23806
0.23045
0.16222
0.59832
0.58325
0.65211
0.34440
0.38585
0.28889
0.54855
0.51244
0.69935
0.60472
0.43839
0.33712
0.33193
0.36415
0.46393
0.44424
0.33158
0.35779
0.61621
0.72636
0.38930
0.53690
0.52282
0.54020
0.69064
0.64072
0.32397
0.56302
0.55775
0.65836
0.63269
0.58643
0.53516
0.53563
0.62450
0.64090
0.58058
0.51140
0.62885
0.37533
0.49820
0.50553
0.47055
0.55411
0.44691
0.57356
0.47235
0.45045
0.58265
0.45735
0.46092
0.43463
0.36736
0.42766
0.42339
0.35412
0.51316
0.41152
0.20089
0.36829
0.31661
0.27204
0.38898
0.30369
0.29879
0.27821
0.52308
0.54685
0.43411
0.37582
0.45120
0.40217
0.25927
0.27573
0.22478
0.34521
0.68568
0.65471
0.36665
0.38462
0.43843
0.45520
0.58692
0.49077
0.35624
0.50692
0.44587
0.48348
0.42804
0.54752
1.06625
0.68768
0.60886
0.48033
0.51033
0.36884
0.41166
0.39725
0.44595
0.28553
0.44082
0.35175
0.28936
0.25550
0.34611
0.50102
0.50392
0.35920
0.35001
0.36074
0.35696
0.50246
0.48797
0.31963
0.45517
0.44054
0.48257
0.30432
0.26227
0.20339
0.87900
0.62258
0.53095
0.48847
0.34732
0.30211
0.54808
0.68306
0.53772
0.65401
0.46896
0.65345
0.32389
0.35757
0.45078
0.41428
0.28700
0.36883
0.51076
0.27499
0.47927
0.51854
0.40747
0.44342
0.45206
0.39059
0.40873
0.56390
0.60792
0.51972
0.36891
0.48068
0.32971
0.51410
0.52928
0.36970
0.33591
0.35068
0.34784
0.21865
0.26869
0.18339
0.29422
0.28110
0.43870
0.41986
0.39908
0.30131
0.47009
0.45797
0.42386
0.18919
0.21522
0.19639
0.20574
0.34138
0.30806
0.38158
0.40249
0.45577
0.43339
0.46234
0.41723
0.49156
0.26742
0.26732
0.35873
0.49023
0.25013
0.40126
0.17665
0.27222
0.42539
0.66306
0.46222
0.30452
0.49228
0.53140
0.46049
0.44046
0.40111
0.48986
0.30299
0.42331
0.34863
0.33396
0.48407
0.53728
0.53648
0.42395
0.36753
0.51025
0.51368
0.41476
0.41893
0.35112
0.34380
0.10990
0.24245
0.16183
0.16920
0.22312
0.15389
0.03722
0.14567
0.45410
0.34221
0.14177
0.50851
0.41214
0.28499
0.65517
0.16805
0.40047
0.37883
0.30204
0.24838
0.34656
0.13149
0.19741
0.32322
0.36930
0.49263
0.47973
0.36641
0.44362
0.38747
0.35751
0.37903
0.30859
0.21582
0.27812
0.35460
0.20264
0.16694
0.28540
0.19657
0.27362
0.60762
0.39418
0.35352
0.43228
0.33927
0.22472
0.30929
0.14818
0.18092
0.38680
0.36382
0.43510
0.08912
0.13197
0.18694
0.65532
0.38964
0.25448
0.14304
0.12373
0.20042
0.29517
0.31122
0.29335
0.38672
0.24666
0.25036
0.43451
0.32505
0.38907
0.40211
0.42860
0.26565
0.09839
0.13932
0.10822
0.38984
0.28275
0.18763
0.17592
0.31591
0.32353
0.17679
0.26851
0.34323
0.36385
0.16904
0.09259
0.30832
0.37621
0.29875
0.55181
0.80392
0.41184
0.36665
0.37287
0.37451
0.27303
0.19744
0.37742
0.52779
0.19323
0.18705
0.59209
0.37196
0.36813
0.36530
0.15959
0.11673
0.24398
0.19401
0.11568
0.32407
0.17104
0.05264
0.16995
0.43708
0.18315
0.28154
0.38714
0.41597
0.43687
0.23268
0.09489
0.13559
0.12808
0.15790
0.11986
0.20566
0.06760
0.23381
0.24125
0.05378
0.32039
0.07097
0.17262
0.99513
0.37495
0.28264
0.27097
0.51378
0.47724
0.64190
0.45887
0.31991
0.29788
0.21907
0.26272
0.13451
0.20701
0.36261
0.29744
0.21364
0.17381
0.23839
0.20877
0.27090
0.13129
0.06707
0.17280
0.17260
0.24383
0.18979
0.23720
0.07164
0.23898
0.04327
0.11082
0.04204
0.18419
0.36716
0.19910
0.10267
0.22186
0.10990
0.26588
0.36966
0.43658
0.25452
0.26650
0.43730
0.13507
0.06855
0.12247
0.03968
0.03702
0.27488
0.38525
0.11061
0.18435
0.18017
0.30013
0.18470
0.14287
0.13833
0.21340
0.16508
0.07525
0.12144
0.15687
0.05882
0.22485
0.08557
0.10877
0.46017
0.09455
0.23446
0.28123
0.21100
0.08784
0.30192
0.05245
0.05197
0.07991
0.28017
0.10662
0.29743
0.01526
0.32849
0.14825
0.18123
0.20285
0.10818
0.18700
0.21253
0.25334
0.18645
0.14682
0.09107
0.13244
0.03535
0.11652
0.26462
0.05870
0.22101
0.44749
0.11698
0.14261
0.04420
0.10099
0.09051
0.04923
0.14226
0.11765
0.01446
0.04175
0.03953
0.02177
0.15459
0.04385
0.10276
0.25478
0.07238
0.05527
0.50151
0.03751
0.29078
0.37720
0.05197
0.01813
0.10173
0.06506
0.05147
0.17300
0.09320
0.01757
0.26923
0.13654
0.06669
0.11748
0.13157
0.27982
0.20414
0.11043
0.01191
0.13327
0.03619
0.14296
0.06375
0.19351
0.44995
0.14538
0.06714
0.38187
0.23758
0.11985
0.83323
0.58503
0.47026
0.18899
0.26500
0.24543
0.33010
0.26047
0.29168
0.52821
0.27374
0.37533
0.13132
0.21038
0.08005
0.40339
0.20513
0.27341
0.07610
0.07696
0.13372
0.12539
0.11930
0.11033
0.13450
0.10290
0.05934
0.13811
0.15006
0.08040
0.20164
0.03020
0.14365
0.21231
0.16118
0.25386
0.22740
0.10806
0.08527
0.08012
0.05980
0.22790
0.25572
0.05745
0.09444
0.11252
0.00317
0.01812
0.38535
0.18729
0.10465
0.07915
0.08773
0.02452
0.30645
0.23246
0.05507
0.07705
0.06264
0.21520
0.05263
0.03199
0.03034
0.28907
0.10630
0.27996
0.09353
0.32197
0.11381
0.14507
0.24577
0.11702
0.03060
0.13167
0.06892
0.37176
0.13202
0.17844
0.41575
0.04378
0.03948
0.15237
0.11094
0.09269
0.04317
0.02605
0.31368
0.10553
0.26583
0.04270
0.03094
0.03629
0.08548
0.15444
0.18345
0.22273
0.51204
0.02209
0.08723
0.20153
0.11752
0.03143
0.14232
0.17389
0.16270
0.26987
0.14172
0.16552
0.39673
0.13998
0.01238
0.15053
0.49096
0.35767
0.11696
0.09001
0.08466
0.14296
0.10786
0.15659
0.44511
1.69143
0.09291
0.16932
0.10806
0.36601
1.40871
0.67486
0.16619
0.56482
0.22182
0.36461
0.30002
0.33556
0.30092
0.39230
0.46532
0.33659
0.33327
0.38388
0.53803
0.19057
0.17500
0.22579
0.30798
0.25408
0.20560
0.39249
0.25849
0.33583
0.15491
0.27367
0.09838
0.20510
0.12000
0.13424
0.27362
0.06568
0.07947
0.10443
0.15855
0.13748
0.10234
0.05852
0.22079
0.12113
0.14397
0.07358
0.05496
0.04296
0.24403
0.08771
0.04479
0.26999
0.08691
0.01864
0.00724
0.20274
0.02554
0.07497
0.06076
0.13841
0.00777
0.01255
0.01247
0.01351
0.09102
0.05873
0.05337
0.02548
0.19804
0.19469
0.18077
0.14020
0.02207
0.03546
0.05297
0.05991
0.12860
0.00215
0.06928
0.06109
0.11554
0.02953
0.02892
0.02321
0.01246
0.22919
0.07908
0.08137
0.03312
0.31261
0.02831
0.16878
0.00850
0.05461
0.04736
0.06910
0.01296
0.04304
0.31220
0.00592
0.04801
0.11181
0.03407
0.05539
0.00615
0.01300
0.11159
0.11708
0.02466
0.01496
0.33996
0.05184
0.04076
0.01730
0.05382
0.25560
0.00909
0.03558
0.02018
0.03523
0.00531
0.03916
0.21910
0.02795
0.06460
0.12826
0.01237
0.26036
0.05273
0.07437
0.05661
0.31740
0.01382
0.01740
0.02020
0.00759
0.00581
0.01001
0.02303
0.06205
0.04390
0.19278
0.01864
0.01716
0.00863
0.02318
0.13503
0.01697
0.34225
0.02363
0.02810
0.02597
0.04208
0.09418
0.00876
0.16047
0.01303
0.03406
0.00104
0.00069
0.00717
0.04879
0.30064
0.00725
0.14450
0.10345
0.04696
0.01973
0.00422
0.24884
0.02150
0.05515
0.27321
0.19162
0.16487
0.01980
0.15432
0.04293
0.02730
0.03148
0.09894
0.06394
0.05792
0.02159
0.37200
0.03121
0.04274
0.03904
0.04694
0.03304
0.10524
0.16499
0.07060
0.02500
0.01249
0.03232
0.12227
0.02952
0.02571
0.08035
0.05838
0.00505
0.00525
0.00886
0.05174
0.25663
0.01750
0.00560
0.06598
0.00050
0.00952
0.00610
0.32505
0.02138
0.00015
0.00044
0.00138
0.00562
0.01532
0.00151
0.00285
0.01633
0.00106
0.00420
0.02708
0.02258
0.00016
0.00475
0.01098
0.00059
0.22546
0.09055
0.12613
0.00102
0.00196
0.00494
0.00226
0.07377
0.00084
0.04911
0.00798
0.01050
0.15254
0.22615
0.00392
0.00388
0.01721
0.03110
0.08593
0.13753
0.01196
0.02843
0.00172
0.01807
0.01626
0.21578
0.00504
0.00222
0.00372
0.02668
0.00227
0.01051
0.01715
0.02215
0.03503
0.00725
0.00408
0.00242
0.00387
0.00728
0.01242
0.00683
0.00398
0.00554
0.00385
0.00924
0.00122
0.00927
0.00160
0.00646
0.00241
0.02332
0.00169
0.01094
0.00650
0.00717
0.00394
0.00351
0.01011
0.00018
0.00494
0.00035
0.00327
0.00101
0.00334
0.00338
0.00017
0.00120
0.00120
0.00427
0.04809
0.00032
0.00168
0.00062
0.00118
0.12280
0.00513
0.00642
0.01815
0.06225
0.00916
0.00975
0.00042
0.00567
0.00015
0.00409
0.00499
0.00122
0.02798
0.00020
0.00836
0.00021
0.00242
0.03754
0.07432
0.00045
0.00333
0.02239
0.00334
0.00151
0.00697
0.12875
0.05784
0.01542
0.00087
0.44185
0.00235
0.12544
0.00118
0.00244
0.05333
0.00637
0.02821
0.00095
0.01244
0.00269
0.03289
0.00736
0.00036
0.01226
0.00012
0.00103
0.05643
0.03019
0.00563
0.07405
0.01258
0.02630
0.00305
0.08257
0.00141
0.00398
0.00439
0.00535
0.00023
0.00879
0.04222
0.01839
0.00496
0.00056
0.00315
0.00068
0.00005
0.00386
0.00093
0.21923
0.00356
0.44086
0.07777
0.00044
0.00045
0.33607
0.25154
0.54811
0.32478
0.05125
0.30098
0.02498
0.36506
0.23906
0.08153
0.12220
0.38862
0.14629
0.19084
0.13407
0.07118
0.09010
0.02292
0.06171
0.26674
0.14732
0.05718
0.23236
0.24192
0.09969
0.20038
0.17917
0.18782
0.10062
0.12445
0.07979
0.04030
0.00536
0.06525
0.07532
0.01900
0.04504
0.02348
0.01419
0.00455
0.01607
0.04589
0.01430
0.01673
0.11672
0.01025
0.00919
0.00514
0.01372
0.01446
0.01032
0.01175
0.00725
0.01132
0.02037
0.00091
0.00168
0.00148
0.00070
0.00591
0.12203
0.01273
0.00863
0.00552
0.00365
0.00353
0.00125
0.00086
0.00730
0.13461
0.00464
0.01498
0.00439
0.01295
0.00130
0.13568
0.00124
0.00340
0.05532
0.00230
0.00200
0.00661
0.00049
0.00019
0.03907
0.06029
0.00171
0.00466
0.05332
0.00444
0.01207
0.14171
0.06276
0.09677
0.01477
0.00312
0.00092
0.00228
0.00029
0.01503
0.05339
0.04783
0.00262
0.03220
0.01241
0.11079
0.00901
0.02665
0.00796
0.01234
0.00141
0.03209
0.02100
0.00090
0.00425
0.00017
0.01118
0.00336
0.00335
0.00109
0.00064
0.00296
0.00032
0.24727
0.02098
0.00542
0.24412
0.15463
0.19705
0.02310
0.00051
0.00043
0.00752
0.02772
0.34282
0.00003
0.00734
0.02691
0.00097
0.00018
0.00048
0.00222
0.00317
0.00425
0.03470
0.02423
0.00217
0.01571
0.02716
0.08872
0.11914
0.04822
0.37515
0.17437
0.01467
0.02005
0.00566
0.01115
0.12717
0.01697
0.08127
0.02093
0.03615
0.00610
0.00439
0.03781
0.03561
0.03494
0.00505
0.00614
0.00305
0.00883
0.12879
0.09024
0.06514
0.01138
0.07529
0.00459
0.04185
0.02890
0.01403
0.00463
0.04706
0.10452
0.04676
0.00030
0.00157
0.05361
0.03107
0.02336
0.00065
0.00430
0.01615
0.01892
0.02025
0.00471
0.00070
0.00016
0.01510
0.12035
0.00163
0.00446
0.23695
0.00007
0.00688
1.88579
0.31227
0.06118
0.00798
0.09497
0.21080
0.13864
0.21272
0.09263
0.06896
0.06959
0.04220
0.15352
0.08646
0.07546
0.06077
0.01942
0.06103
0.02128
0.00673
0.02254
0.03481
0.05342
0.01400
0.05982
0.06487
0.04732
0.21180
0.04514
0.01511
0.31374
0.01070
0.01475
0.15395
0.20707
0.31789
0.16958
0.03921
0.05604
0.04006
0.08625
0.02250
0.03473
0.04122
0.01112
0.11977
0.19860
0.15728
0.04287
0.04379
0.02630
0.00655
0.01150
0.23462
0.03748
0.14883
0.00068
0.00984
0.01435
0.14317
0.02194
0.01348
0.04121
0.01934
0.04428
0.03130
0.02583
0.28550
0.04310
0.01176
0.00811
0.04348
0.01010
0.05507
0.03167
0.08125
0.04949
0.00305
0.00850
0.01333
0.00195
0.03189
0.06099
0.00604
0.00557
0.02813
0.00178
0.00245
0.00149
0.02044
0.06088
0.00339
0.00857
0.03418
0.00945
0.07466
0.00625
0.01321
0.00080
0.00702
0.00778
0.00399
0.00025
0.00201
0.00095
0.00122
0.00582
0.02037
0.00001
0.00025
0.00032
0.00004
0.00007
0.01351
0.00663
0.00192
0.08696
0.00031
0.00266
0.00971
0.00018
0.01195
0.41058
0.00075
0.00157
0.11322
0.00032
0.00003
0.04119
0.05307
0.19316
0.00059
0.00511
0.00049
0.00163
0.02251
0.00038
0.00657
0.00498
0.05094
0.00497
0.00215
0.00912
0.00570
0.00197
0.00646
0.00202
0.00712
0.07976
0.01415
0.01414
0.00736
0.03329
0.00079
0.02957
0.00043
0.00231
0.00073
0.00263
0.02968
0.00148
0.07653
0.00062
0.00003
0.01062
0.01099
0.00452
0.00174
0.00385
0.00124
0.02317
0.00329
0.00012
0.00005
0.00073
0.00005
0.00437
0.01381
0.00005
0.00004
0.00005
0.00116
0.00048
0.00016
0.00155
0.01708
0.00154
0.00067
0.00237
0.01500
0.00014
0.00256
0.00017
0.00186
0.00297
0.00070
0.00739
0.00130
0.00009
0.00297
0.00005
0.00173
0.00004
0.10162
0.00009
0.00597
0.09884
0.00001
0.12495
0.00001
0.01581
0.00238
0.00174
0.00086
0.00085
0.00036
0.00063
0.00599
0.00028
0.17004
0.00166
0.00202
0.01850
0.00048
0.09562
0.00052
0.00336
0.00202
0.00033
0.01073
0.03458
0.05711
0.00017
0.02838
0.01226
0.00478
0.00031
0.00418
0.16541
0.00161
0.00038
0.00223
0.00010
0.00037
0.01200
0.00010
0.00043
0.00024
0.00107
0.00098
0.00243
0.00321
0.00733
0.00017
0.09211
0.00089
0.00937
0.01165
0.00518
0.01144
0.00694
0.11566
0.00017
0.00132
0.00003
0.00108
0.00067
0.00175
0.05856
0.00001
0.00271
0.05733
0.00180
0.03173
0.00169
0.00056
0.00002
0.00009
0.00019
0.00020
0.00015
0.00097
0.00027
0.00038
0.00068
0.00012
0.00016
0.00008
0.00025
0.00835
0.00304
0.00212
0.12869
0.05331
0.00336
0.00576
0.00933
0.00899
0.00032
0.00111
0.04194
0.04048
0.00197
0.00512
0.02290
0.06358
0.00177
0.00650
0.00551
0.00084
0.00086
0.00037
0.00668
0.02344
0.02054
0.00215
0.00003
0.00938
0.00023
0.00017
0.00040
0.01745
0.00432
0.00094
0.01029
0.00029
0.00142
0.00140
0.00011
0.05849
0.00008
0.00724
0.00023
0.00873
0.17209
0.00022
0.00052
0.00020
0.01297
0.00002
0.02498
0.00984
0.00007
0.00164
0.00006
0.00000
0.00027
0.00019
0.00385
0.00036
0.00037
0.00006
0.00004
0.00009
0.00011
0.00389
0.00010
0.00069
0.00114
0.00039
0.03739
0.00003
0.00642
0.00096
0.00029
0.00601
0.00058
0.00003
0.00118
0.00344
0.00013
0.00045
0.00023
0.00013
0.00042
0.00050
0.00008
0.00211
0.00035
0.00166
0.00023
0.05541
0.00003
0.00027
0.00075
0.00007
0.00042
0.00003
0.00061
0.00006
0.03280
0.00001
0.00001
0.00001
0.00015
0.00012
0.00075
0.00114
0.00045
0.00000
0.00003
0.00041
0.00101
0.00085
0.00107
0.00242
0.06916
0.00009
0.00017
0.00031
0.00013
0.00235
0.00026
0.00011
0.02307
0.00076
0.00148
0.03379
0.01517
0.00002
0.00521
0.00372
0.00094
0.00050
0.00061
0.00039
0.00037
0.00021
0.00026
0.00003
0.00003
0.00036
0.01160
0.00002
0.00389
0.00001
0.00006
0.00099
0.00003
0.00001
0.00002
0.11475
0.00315
0.00001
0.17740
0.00022
0.00153
0.00033
0.00013
0.10692
0.00029
0.00004
0.00024
0.46434
0.00556
0.00071
0.05025
0.00019
0.19696
0.18410
0.06488
0.06777
0.09902
0.00153
0.32272
0.01238
0.42942
0.01132
0.00096
0.01726
0.01363
0.01147
0.06341
0.07164
0.02250
0.09187
0.00238
0.00380
0.07898
0.02104
0.21029
0.07683
0.07590
0.08213
0.00647
0.17377
0.01090
0.00324
0.00306
0.00672
0.00409
0.00140
0.01001
0.00618
0.02117
0.00209
0.00151
0.00302
0.00083
0.01015
0.00098
0.00159
0.00068
0.17770
0.00655
0.00125
0.01040
0.00490
0.00090
0.20056
0.32305
0.00085
0.00008
0.25014
0.36472
0.00050
0.31965
0.28958
0.45311
0.67585
0.01810
0.44751
0.43082
0.06856
0.23922
0.13548
0.18789
0.06329
0.08672
0.29738
0.18132
0.18543
0.15049
0.13634
0.15037
0.11408
0.12071
0.11195
0.12167
0.19041
0.10396
0.10653
0.13368
0.16017
0.32401
0.13058
0.05603
0.01741
0.01260
0.10847
0.24733
0.04139
0.12078
0.03217
0.01091
0.00264
0.00147
0.00639
0.07675
0.19636
0.12311
0.04713
0.23258
0.02946
0.00931
0.00423
0.00909
0.15892
0.08708
0.07253
0.01305
0.04735
0.00796
0.01328
0.04019
0.15591
0.00649
0.00100
0.01054
0.00071
0.00683
0.00045
0.00713
0.02137
0.00497
0.00029
0.01516
0.01111
0.00621
0.00153
0.00128
0.02847
0.00547
0.00702
0.04959
0.00056
0.01285
0.00426
0.00271
0.02695
0.00153
0.00145
0.00304
0.00449
0.00062
0.04805
0.04645
0.00739
0.00067
0.06469
0.00261
0.02553
0.00153
0.00695
0.00002
0.00137
0.00634
0.00057
0.00004
0.00025
0.00123
0.00246
0.00387
0.09532
0.00011
0.00105
0.00049
0.00052
0.21005
0.00048
0.00045
0.00059
0.00949
0.00293
0.02242
0.02498
0.06059
0.10616
0.00039
0.00107
0.00341
0.00161
0.08788
0.00232
0.00425
0.03201
0.01790
0.01128
0.15326
0.00064
0.08450
0.18866
0.00137
0.00039
0.02192
0.05007
0.00065
0.05627
0.08907
0.00083
0.00169
0.00218
0.00038
0.00292
0.00321
0.05287
0.00060
0.00055
0.00065
0.00318
0.01272
0.03085
0.10320
0.01468
0.00236
0.01180
0.00113
0.00400
0.00055
1.05513
0.09493
0.00054
0.00131
0.00927
0.02426
0.00207
0.00136
0.00392
0.06711
0.05219
0.01050
0.01909
0.11143
0.00651
0.04384
0.08081
0.13405
0.02932
0.08744
0.01178
0.16807
0.00514
0.05300
0.00636
0.04556
0.01088
0.03030
0.00123
0.01503
0.08807
0.00142
0.05750
0.00255
0.01957
0.00050
0.01356
0.00983
0.00324
0.00084
0.00225
0.00167
0.02351
0.05719
0.05179
0.00224
0.09254
0.02706
0.08005
0.00449
0.00140
0.02474
0.14856
0.00554
0.00207
0.03001
0.00058
0.00573
0.00017
0.00610
0.00110
0.00058
0.00059
0.01768
0.02284
0.00252
0.00716
0.00165
0.00743
0.00058
0.00173
0.00376
0.00215
0.01556
0.00728
0.00135
0.00215
0.01777
0.00389
0.00143
0.00167
0.00490
0.21213
0.01232
0.00106
0.03632
0.00021
0.00106
0.27908
0.00048
0.00024
0.01957
0.00190
0.00692
0.00707
0.18518
0.00406
0.00029
0.00354
0.00113
0.00206
0.00136
0.00753
0.01900
0.00140
0.01693
0.01271
0.01431
0.00505
0.01319
0.00246
0.01680
0.00034
0.01042
0.00731
0.03379
0.00837
0.00377
0.01150
0.01433
0.00092
0.00237
0.00562
0.00063
0.00163
0.00270
0.00152
0.00542
0.00323
0.00096
0.00106
0.00038
0.00172
0.00024
0.00003
0.00087
0.00186
0.00002
0.00032
0.00002
0.00157
0.00199
0.00017
0.00002
0.00016
0.00024
0.00002
0.00000
0.00028
0.00010
0.00008
0.00007
0.00291
0.00136
0.00001
0.00007
0.00011
0.00003
0.00009
0.00038
0.00037
0.00024
0.00004
0.00002
0.04319
0.00298
0.00125
0.00038
0.00076
0.00054
0.00003
0.05225
0.00013
0.00062
0.00001
0.00019
0.09933
0.00412
0.01547
0.37057
0.00089
0.00109
0.00076
0.00002
0.00011
0.16912
0.10913
0.00153
0.00134
0.00044
0.02272
0.00002
0.04455
0.00085
0.05292
0.01245
0.00074
0.00191
0.00019
0.00027
0.00377
0.00381
0.13594
0.00149
0.55649
0.01541
0.00116
0.00145
0.03954
0.00151
0.00049
0.00036
0.00387
0.01813
0.00106
0.00249
0.02031
0.00579
0.00066
0.05264
0.00973
0.00207
0.00409
0.01147
0.00442
0.00149
0.00323
0.00364
0.00151
0.00558
0.00202
0.00181
0.00260
0.00192
0.00098
0.00248
0.03211
0.00313
0.00413
0.00855
0.00284
0.00034
0.01374
0.00086
0.00007
0.00040
0.00525
0.00004
0.00088
0.00062
0.00061
0.00328
0.00038
0.00053
0.00001
0.00000
0.00041
0.00095
0.00016
0.00017
0.00058
0.00058
0.00831
0.00015
0.00176
0.00005
0.00004
0.01450
0.00023
0.03664
0.00034
0.00027
0.00244
0.00013
0.00019
0.00434
0.16577
0.00447
0.00455
0.00002
0.00103
0.00391
0.09165
0.00071
0.00035
0.00289
0.00027
0.00005
0.00012
0.12428
0.07122
0.00086
0.03392
0.00012
0.00019
0.00003
0.00115
0.00376
0.03965
0.07459
0.00230
0.01263
0.00002
0.00133
0.02329
0.00103
0.00022
0.00771
0.00017
0.00004
0.00029
0.00028
0.02986
0.00641
0.00171
0.00064
0.00645
0.00040
0.00458
0.00160
0.23037
0.00378
0.00007
0.00004
0.00024
0.00003
0.00003
0.00015
0.46884
0.00063
0.00030
0.00016
0.00554
0.00993
0.00013
0.33935
0.38162
0.00283
0.00606
0.00640
0.00876
0.07086
0.07793
0.00161
0.00604
0.04289
0.00988
0.04961
0.01432
0.00478
0.14855
0.01783
0.16531
0.01934
0.00970
0.01224
0.00502
0.01092
0.01671
0.02348
0.02721
0.00932
0.01416
0.00379
0.00086
0.00312
0.00029
0.00351
0.00609
0.00232
0.00305
0.01037
0.00212
0.01327
0.00692
0.00950
0.04798
0.00431
0.00012
0.00049
0.00383
0.00007
0.00007
0.00797
0.00555
0.01257
0.00616
0.00325
0.00218
0.00463
0.00140
0.00048
0.00463
0.00135
0.00146
0.00333
0.00141
0.00205
0.00204
0.00108
0.01939
0.00188
0.00271
0.00058
0.00012
0.00025
0.00195
0.00123
0.00055
0.00034
0.00015
0.00068
0.00019
0.00072
0.00022
0.00007
0.00187
0.00008
0.00165
0.00292
0.00054
0.00054
0.00008
0.00019
0.00011
0.00232
0.00048
0.00046
0.00039
0.00077
0.00037
0.00047
0.00005
0.00006
0.00003
0.00010
0.00018
0.00108
0.00017
0.00039
0.00006
0.00029
0.00022
0.00003
0.00019
0.00002
0.00048
0.00030
0.00050
0.00013
0.00041
0.00007
0.00021
0.00058
0.00044
0.00031
0.00034
0.00002
0.00031
0.00072
0.00027
0.00012
0.00015
0.00006
0.00016
0.00014
0.00271
0.00009
0.00044
0.00020
0.00001
0.00017
0.00020
0.00010
0.00000
0.00127
0.00018
0.00006
0.00000
0.00011
0.00001
0.00007
0.00005
0.00064
0.00066
0.00004
0.00002
0.00004
0.00056
0.00006
0.00071
0.00078
0.00017
0.00089
0.00015
0.00309
0.00032
0.00007
0.00006
0.00005
0.00002
0.00045
0.00000
0.00008
0.00013
0.00006
0.00003
0.00001
0.00007
0.00009
0.00011
0.00000
0.00008
0.00023
0.00030
0.00016
0.00013
0.00018
0.00014
0.00006
0.00035
0.00020
0.00003
0.00007
0.00007
0.00002
0.00057
0.00001
0.00005
0.00006
0.00003
0.00004
0.00004
0.00002
0.00002
0.00001
0.00003
0.00024
0.00013
0.00026
0.00047
0.00038
0.00011
0.00000
0.00005
0.00011
0.00052
0.00018
0.00089
0.00013
0.00035
0.00014
0.00050
0.00135
0.00015
0.00075
0.00024
0.00000
0.00018
0.00030
0.00010
0.00001
0.00008
0.00007
0.00015
0.00032
0.00007
0.00001
0.00001
0.00004
0.00018
0.00044
0.00012
0.00000
0.00004
0.00002
0.00002
0.00001
0.00004
0.00029
0.00013
0.00001
0.00001
0.00001
0.00000
0.00005
0.00020
0.00008
0.00014
0.00026
0.00000
0.00010
0.00002
0.00007
0.00001
0.00004
0.00027
0.00015
0.00024
0.00009
0.00006
0.00015
0.00004
0.00018
0.00007
0.00003
0.00006
0.00007
0.00027
0.00004
0.00002
0.00012
0.00013
0.00024
0.00001
0.00001
0.00024
0.00001
0.00000
0.00002
0.00006
0.00003
0.00005
0.00008
0.00041
0.00004
0.00003
0.00036
0.00024
0.00002
0.00001
0.00000
0.00001
0.00016
0.00009
0.00023
0.00012
0.00022
0.00011
0.00032
0.00012
0.00003
0.00001
0.00003
0.00025
0.00011
0.00026
0.00024
0.00003
0.00009
0.00001
0.00031
0.00000
0.00001
0.00000
0.00001
0.00003
0.00010
0.00005
0.00025
0.00001
0.00019
0.00001
0.00000
0.00070
0.00003
0.00002
0.00008
0.00081
0.00010
0.00023
0.00008
0.00034
0.00014
0.00000
0.00000
0.00000
0.00007
0.00008
0.00000
0.00012
0.00003
0.00003
0.00015
0.00020
0.00032
0.00014
0.00003
0.00014
0.00009
0.00005
0.00002
0.00008
0.00003
0.00001
0.00005
0.00033
0.00004
0.00007
0.00000
0.00000
0.00004
0.00001
0.00002
0.00001
0.00001
0.00002
0.00002
0.00052
0.00001
0.00001
0.00002
0.00004
0.00000
0.00002
0.00004
0.00000
0.00000
0.00003
0.00002
0.00001
0.00003
0.00001
0.00012
0.00001
0.00004
0.00000
0.00002
0.00000
0.00000
0.00003
0.00002
0.00011
0.00019
0.00000
0.00001
0.00005
0.00004
0.00003
0.00021
0.00004
0.00007
0.00003
0.00009
0.00004
0.00003
0.00024
0.00004
0.00006
0.00085
0.00001
0.00011
0.00001
0.00007
0.00002
0.00001
0.00002
0.00003
0.00008
0.00001
0.00007
0.00001
0.00005
0.00003
0.00002
0.00000
0.00003
0.00014
0.00012
0.00003
0.00007
0.00010
0.00017
0.00002
0.00002
0.00000
0.00097
0.00005
0.00006
0.00012
0.00003
0.00020
0.00003
0.00005
0.00026
0.00001
0.00000
0.00001
0.00000
0.00002
0.00003
0.00001
0.00004
0.00007
0.00015
0.00011
0.00000
0.00002
0.00016
0.00001
0.00001
0.00005
0.00020
0.00001
0.00024
0.00009
0.00000
0.00000
0.00000
0.00007
0.00002
0.00002
0.00000
0.00009
0.00001
0.00000
0.00003
0.00004
0.00005
0.00001
0.00002
0.00047
0.00004
0.00004
0.00002
0.00008
0.00013
0.00006
0.00002
0.00000
0.00031
0.00016
0.00012
0.00000
0.00012
0.00000
0.00002
0.00001
0.00000
0.00003
0.00000
0.00014
0.00012
0.00000
0.00002
0.00000
0.00008
0.00003
0.00012
0.00003
0.00029
0.00000
0.00007
0.00001
0.00033
0.00001
0.00009
0.00000
0.00004
0.00001
0.00001
0.00001
0.00000
0.00001
0.00001
0.00003
0.00008
0.00003
0.00000
0.00000
0.00005
0.00006
0.00001
0.00000
0.00001
0.00000
0.00000
0.00004
0.00000
0.00000
0.00000
0.00001
0.00003
0.00011
0.00015
0.00061
0.00000
0.00013
0.00003
0.00000
0.00004
0.00007
0.00002
0.00006
0.00001
0.00001
0.00001
0.00001
0.00001
0.00005
0.00013
0.00009
0.00001
0.00000
0.00001
0.00004
0.00001
0.00003
0.00008
0.00000
0.00000
0.00007
0.00001
0.00000
0.00004
0.00016
0.00011
0.00005
0.00000
0.00006
0.00002
0.00003
0.00001
0.00002
0.00000
0.00001
0.00004
0.00003
0.00008
0.00018
0.00001
0.00006
0.00001
0.00008
0.00004
0.00015
0.00012
0.00012
0.00001
0.00001
0.00007
0.00000
0.00001
0.00000
0.00001
0.00001
0.00001
0.00001
0.00002
0.00005
0.00000
0.00000
0.00003
0.00004
0.00001
0.00002
0.00001
0.00002
0.00008
0.00003
0.00002
0.00001
0.00003
0.00000
0.00016
0.00001
0.00002
0.00006
0.00000
0.00001
0.00003
0.00002
0.00118
0.00001
0.00001
0.00002
0.00001
0.00004
0.00001
0.00016
0.00020
0.00004
0.00007
0.00001
0.00000
0.00000
0.00001
0.00002
0.00001
0.00000
0.00001
0.00004
0.00000
0.00000
0.00006
0.00003
0.00014
0.00001
0.00014
0.00003
0.00002
0.00009
0.00019
0.00005
0.00000
0.00018
0.00001
0.00004
0.00000
0.00001
0.00002
0.00000
0.00005
0.00046
0.00001
0.00001
0.00001
0.00002
0.00001
0.00016
0.00000
0.00000
0.00001
0.00000
0.00002
0.00001
0.00000
0.00003
0.00024
0.00017
0.00004
0.00002
0.00002
0.00001
0.00001
0.00005
0.00009
0.00000
0.00000
0.00000
0.00003
0.00013
0.00006
0.00000
0.00001
0.00001
0.00000
0.00002
0.00000
0.00001
0.00006
0.00001
0.00000
0.00000
0.00000
0.00003
0.00006
0.00004
0.00002
0.00004
0.00000
0.00000
0.00000
0.00000
0.00001
0.00000
0.00010
0.00000
0.00000
0.00000
0.00010
0.00002
0.00010
0.00000
0.00001
0.00001
0.00002
0.00001
0.00004
0.00000
0.00005
0.00009
0.00001
0.00000
0.00001
0.00001
0.00012
0.00133
0.00002
0.00000
0.00001
0.00001
0.00001
0.00059
0.00000
0.00003
0.00001
0.00001
0.00000
0.00004
0.00002
0.00002
0.00007
0.00003
0.00000
0.00010
0.00015
0.00002
0.00001
0.00003
0.00000
0.00001
0.00002
0.00001
0.00001
0.00010
0.00003
0.00002
0.00001
0.00022
0.00000
0.00014
0.00010
0.00002
0.00000
0.00001
0.00004
0.00001
0.00001
0.00009
0.00006
0.00011
0.00012
0.00001
0.00002
0.00000
0.00000
0.00001
0.00000
0.00000
0.00001
0.00001
0.00010
0.00000
0.00000
0.00003
0.00002
0.00000
0.00001
0.00000
0.00000
0.00000
0.00003
0.00002
0.00001
0.00004
0.00001
0.00002
0.00000
0.00001
0.00003
0.00002
0.00001
0.00002
0.00003
0.00001
0.00002
0.00037
0.00002
0.00000
0.00000
0.00004
0.00001
0.00002
0.00002
0.00000
0.00000
0.00001
0.00003
0.00002
0.00002
0.00004
0.00004
0.00008
0.00133
0.00008
0.00006
0.00000
0.00013
0.00000
0.00025
0.00034
0.00003
0.00002
0.00000
0.00000
0.00001
0.00000
0.00000
0.00000
0.00002
0.00000
0.00000
0.00000
0.00002
0.00000
0.00000
0.00001
0.00002
0.00000
0.00000
0.00004
0.00003
0.00002
0.00006
0.00001
0.00000
0.00004
0.00000
0.00000
0.00000
0.00000
0.00000
0.00000
0.00002
0.00001
0.00000
0.00000
0.00000
0.00010
0.00002
0.00003
0.00000
0.00000
0.00000
0.00000
0.00005
0.00000
0.00002
0.00000
0.00002
0.00001
0.00001
0.00000
0.00000
0.00000
0.00003
0.00000
0.00000
0.00000
0.00000
0.00002
0.00000
0.00004
0.00004
0.00001
0.00000
0.00000
0.00002
0.00001
0.00000
0.00002
0.00002
0.00002
0.00003
0.00006
0.00000
0.00002
0.00000
0.00000
0.00000
0.00000
0.00003
0.00002
0.00004
0.00000
0.00008
0.00000
0.00002
0.00012
0.00000
0.00001
0.00002
0.00002
0.00006
0.00002
0.00000
0.00000
0.00000
0.00001
0.00001
0.00009
0.00004
0.00005
0.00003
0.00009
0.00001
0.00004
0.00000
0.00001
0.00000
0.00002
0.00016
0.00004
0.00001
0.00000
0.00000
0.00001
0.00000
0.00000
0.00013
0.00024
0.00001
0.00002
0.00001
0.00003
0.00016
0.00000
0.00004
0.00000
0.00002
0.00000
0.00002
0.00001
0.00001
0.00000
0.00000
0.00002
0.00001
0.00000
0.00003
0.00001
0.00002
0.00001
0.00000
0.00001
0.00001
0.00000
0.00000
0.00000
0.00001
0.00000
0.00000
0.00000
0.00000
0.00001
0.00002
0.00008
0.00000
0.00000
0.00000
0.00001
0.00001
0.00001
0.00001
0.00003
0.00001
0.00003
0.00012
0.00004
0.00004
0.00000
0.00000
0.00000
0.00003
0.00000
0.00003
0.00003
0.00002
0.00002
0.00000
0.00007
0.00002
0.00000
0.00002
0.00002
0.00000
0.00000
0.00001
0.00004
0.00000
0.00002
0.00000
0.00001
0.00002
0.00000
0.00002
0.00004
0.00017
0.00001
0.00000
0.00001
0.00007
0.00008
0.00001
0.00000
0.00001
0.00001
0.00000
0.00002
0.00003
0.00003
0.00000
0.00000
0.00000
0.00002
0.00002
0.00021
0.00003
0.00004
0.00001
0.00000
0.00004
0.00007
0.00001
0.00000
0.00000
0.00000
0.00000
0.00001
0.00001
0.00001
0.00001
0.00001
0.00000
0.00000
0.00001
0.00000
0.00000
0.00000
0.00004
0.00000
0.00009
0.00002
0.00002
0.00000
0.00001
0.00000
0.00001
0.00000
0.00000
0.00000
0.00001
0.00000
0.00002
0.00001
0.00004
0.00001
0.00000
0.00000
0.00000
0.00000
0.00000
0.00000
0.00001
0.00008
0.00002
0.00001
0.00002
0.00000
0.00000
0.00000
0.00001
0.00000
0.00000
0.00005
0.00001
0.00003
0.00002
0.00000
0.00000
0.00000
0.00001
0.00004
0.00025
0.00000
0.00000
0.00000
0.00002
0.00000
0.00001
0.00000
0.00000
0.00000
0.00000
0.00001
0.00000
0.00001
0.00000
0.00000
0.00003
0.00007
0.00002
0.00000
0.00001
0.00000
0.00000
0.00005
0.00000
0.00001
0.00000
0.00000
0.00000
0.00001
0.00001
0.00001
0.00002
0.00000
0.00000
0.00000
0.00000
0.00001
0.00004
0.00001
0.00000
0.00000
0.00001
0.00001
0.00001
0.00005
0.00001
0.00018
0.00001
0.00000
0.00002
0.00001
0.00003
0.00001
0.00000
0.00000
0.00000
0.00000
0.00000
0.00001
0.00002
0.00000
0.00000
0.00000
0.00001
0.00009
0.00001
0.00000
0.00000
0.00000
0.00003
0.00000
0.00000
0.00006
0.00001
0.00001
0.00000
0.00001
0.00004
0.00001
0.00000
0.00000
0.00004
0.00004
0.00000
0.00003
0.00000
0.00001
0.00000
0.00000
0.00000
0.00000
0.00000
0.00002
0.00002
0.00001
0.00006
0.00006
0.00000
0.00001
0.00002
0.00001
0.00005
0.00001
0.00001
0.00001
0.00000
0.00000
0.00000
0.00000
0.00000
0.00000
0.00001
0.00001
0.00002
0.00004
0.00000
0.00000
0.00000
0.00000
0.00000
0.00000
0.00029
0.00001
0.00000
0.00000
0.00001
0.00001
0.00000
0.00000
0.00000
0.00001
0.00000
0.00001
0.00000
0.00000
0.00003
0.00010
0.00001
0.00001
0.00000
0.00001
0.00000
0.00000
0.00000
0.00000
0.00001
0.00001
0.00003
0.00001
0.00002
0.00000
0.00015
0.00000
0.00000
0.00000
0.00000
0.00001
0.00001
0.00000
0.00000
0.00000
0.00001
0.00000
0.00000
0.00000
0.00001
0.00001
0.00001
0.00001
0.00000
0.00001
0.00000
0.00001
0.00000
0.00000
0.00000
0.00000
0.00000
0.00001
0.00000
0.00000
0.00001
0.00000
0.00001
0.00000
0.00000
0.00002
0.00000
0.00000
0.00000
0.00000
0.00007
0.00001
0.00000
0.00001
0.00000
0.00000
0.00047
0.00000
0.00001
0.00001
0.00004
0.00003
0.00005
0.00000
0.00000
0.00004
0.00000
0.00000
0.00003
0.00000
0.00001
0.00008
0.00000
0.00000
0.00000
0.00001
0.00000
0.00001
0.00007
0.00000
0.00001
0.00001
0.00000
0.00004
0.00001
0.00003
0.00000
0.00001
0.00000
0.00000
0.00008
0.00000
0.00000
0.00002
0.00000
0.00000
0.00002
0.00000
0.00001
0.00006
0.00001
0.00000
0.00001
0.00000
0.00000
0.00000
0.00000
0.00000
0.00001
0.00002
0.00005
0.00000
0.00003
0.00001
0.00002
0.00001
0.00000
0.00000
0.00004
0.00000
0.00001
0.00000
0.00000
0.00001
0.00000
0.00003
0.00000
0.00000
0.00000
0.00000
0.00001
0.00000
0.00000
0.00007
0.00000
0.00000
0.00000
0.00000
0.00000
0.00005
0.00000
0.00002
0.00000
0.00000
0.00001
0.00000
0.00000
0.00000
0.00000
0.00000
0.00004
0.00006
0.00000
0.00001
0.00000
0.00001
0.00002
0.00003
0.00001
0.00002
0.00005
0.00000
0.00001
0.00002
0.00001
0.00000
0.00000
0.00000
0.00000
0.00000
0.00000
0.00001
0.00002
0.00000
0.00000
0.00000
0.00000
0.00000
0.00000
0.00000
0.00001
0.00000
0.00000
0.00001
0.00000
0.00001
0.00000
0.00000
0.00001
0.00000
0.00000
0.00000
0.00000
0.00001
0.00000
0.00000
0.00000
0.00000
0.00000
0.00000
0.00000
0.00000
0.00000
0.00000
0.00000
0.00001
0.00000
0.00003
0.00000
0.00001
0.00000
0.00001
0.00002
0.00000
0.00000
0.00000
0.00001
0.00001
0.00000
0.00000
0.00001
0.00003
0.00000
0.00000
0.00000
0.00000
0.00000
0.00001
0.00000
0.00000
0.00000
0.00000
0.00000
0.00000
0.00000
0.00001
0.00000
0.00000
0.00000
0.00000
0.00000
0.00000
0.00000
0.00000
0.00002
0.00000
0.00002
0.00001
0.00000
0.00002
0.00000
0.00000
0.00000
0.00000
0.00000
0.00000
0.00000
0.00000
0.00000
0.00004
0.00000
0.00000
0.00001
0.00001
0.00000
0.00001
0.00003
0.00006
0.00001
0.00001
0.00000
0.00000
0.00001
0.00001
0.00000
0.00002
0.00001
0.00000
0.00002
0.00001
0.00000
0.00001
0.00000
0.00001
0.00000
0.00002
0.00000
0.00000
0.00000
0.00000
0.00000
0.00000
0.00000
0.00000
0.00000
0.00000
0.00000
0.00000
0.00000
0.00010
0.00000
0.00001
0.00001
0.00001
0.00002
0.00001
0.00002
0.00000
0.00001
0.00001
0.00000
0.00000
0.00000
0.00000
0.00000
0.00002
0.00000
0.00003
0.00000
0.00000
0.00000
0.00000
0.00001
0.00002
0.00002
0.00001
0.00000
0.00006
0.00004
0.00000
0.00000
0.00000
0.00000
0.00000
0.00001
0.00000
0.00000
0.00000
0.00000
0.00000
0.00000
0.00000
0.00000
0.00000
0.00000
0.00001
0.00000
0.00000
0.00002
0.00001
0.00004
0.00000
0.00000
0.00000
0.00014
0.00000
0.00003
0.00001
0.00000
0.00000
0.00001
0.00001
0.00000
0.00000
0.00000
0.00000
0.00000
0.00000
0.00000
0.00002
0.00000
0.00001
0.00000
0.00000
0.00006
0.00000
0.00000
0.00000
0.00001
0.00000
0.00000
0.00000
0.00000
0.00000
0.00002
0.00000
0.00000
0.00000
0.00000
0.00000
0.00001
0.00002
0.00001
0.00000
0.00001
0.00000
0.00005
0.00000
0.00000
0.00000
0.00000
0.00000
0.00000
0.00000
0.00002
0.00000
0.00000
0.00001
0.00002
0.00000
0.00000
0.00000
0.00000
0.00000
0.00005
0.00000
0.00003
0.00000
0.00000
0.00000
0.00000
0.00000
0.00000
0.00000
0.00000
0.00000
0.00011
0.00000
0.00000
0.00000
0.00013
0.00000
0.00000
0.00000
0.00000
0.00000
0.00000
0.00000
0.00000
0.00000
0.00000
0.00006
0.00000
0.00001
0.00000
0.00001
0.00000
0.00001
0.00000
0.00001
0.00001
0.00000
0.00002
0.00002
0.00000
0.00001
0.00001
0.00005
0.00002
0.00000
0.00000
0.00000
0.00000
0.00001
0.00002
0.00000
0.00001
0.00000
0.00000
0.00004
0.00000
0.00001
0.00002
0.00000
0.00000
0.00000
0.00000
0.00000
0.00002
0.00000
0.00001
0.00000
0.00000
0.00002
0.00000
0.00000
0.00000
0.00000
0.00000
0.00001
0.00000
0.00000
0.00000
0.00000
0.00000
0.00000
0.00000
0.00001
0.00000
0.00000
0.00000
0.00003
0.00000
0.00001
0.00000
0.00000
0.00000
0.00000
0.00000
0.00001
0.00000
0.00000
0.00006
0.00000
0.00000
0.00001
0.00000
0.00000
0.00000
0.00000
0.00001
0.00000
0.00000
0.00004
0.00001
0.00000
0.00005
0.00000
0.00000
0.00001
0.00000
0.00002
0.00000
0.00004
0.00001
0.00000
0.00000
0.00000
0.00000
0.00001
0.00000
0.00000
0.00000
0.00000
0.00000
0.00000
0.00000
0.00000
0.00000
0.00000
0.00000
0.00000
0.00000
0.00000
0.00000
0.00002
0.00002
0.00001
0.00000
0.00000
0.00000
0.00000
0.00000
0.00000
0.00000
0.00000
0.00001
0.00000
0.00000
0.00000
0.00000
0.00000
0.00001
0.00000
0.00000
0.00001
0.00000
0.00001
0.00000
0.00000
0.00000
0.00000
0.00004
0.00002
0.00001
0.00000
0.00000
0.00001
0.00000
0.00000
0.00002
0.00000
0.00001
0.00003
0.00000
0.00000
0.00000
0.00000
0.00000
0.00002
0.00003
0.00000
0.00000
0.00000
0.00000
0.00000
0.00000
0.00000
0.00000
0.00000
0.00000
0.00000
0.00000
0.00001
0.00000
0.00000
0.00000
0.00000
0.00000
0.00000
0.00000
0.00000
0.00000
0.00000
0.00001
0.00000
0.00001
0.00000
0.00000
0.00001
0.00000
0.00001
0.00000
0.00000
0.00000
0.00001
0.00000
0.00000
0.00000
0.00000
0.00000
0.00000
0.00001
0.00000
0.00000
0.00001
0.00000
0.00000
0.00000
0.00001
0.00001
0.00000
0.00000
0.00000
0.00007
0.00000
0.00000
0.00001
0.00005
0.00001
0.00000
0.00000
0.00000
0.00000
0.00000
0.00000
0.00000
0.00000
0.00000
0.00008
0.00001
0.00002
0.00000
0.00001
0.00001
0.00000
0.00000
0.00000
0.00013
0.00001
0.00002
0.00000
0.00000
0.00000
0.00000
0.00000
0.00000
0.00000
0.00000
0.00000
0.00000
0.00000
0.00001
0.00003
0.00001
0.00001
0.00000
0.00000
0.00000
0.00000
0.00009
0.00000
0.00000
0.00000
0.00003
0.00001
0.00000
0.00001
0.00000
0.00000
0.00002
0.00000
0.00000
0.00000
0.00000
0.00001
0.00000
0.00000
0.00000
0.00000
0.00000
0.00002
0.00000
0.00001
0.00000
0.00000
0.00000
0.00000
0.00000
0.00000
0.00000
0.00000
0.00000
0.00000
0.00000
0.00000
0.00000
0.00001
0.00001
0.00000
0.00000
0.00001
0.00000
0.00000
0.00000
0.00000
0.00000
0.00000
0.00001
0.00000
0.00000
0.00001
0.00000
0.00000
0.00000
0.00000
0.00000
0.00000
0.00000
0.00001
0.00001
0.00001
0.00010
0.00000
0.00001
0.00000
0.00000
0.00000
0.00001
0.00000
0.00000
0.00002
0.00000
0.00000
0.00000
0.00000
0.00000
0.00000
0.00000
0.00000
0.00000
0.00000
0.00000
0.00000
0.00000
0.00000
0.00000
0.00000
0.00001
0.00001
0.00001
0.00000
0.00000
0.00000
0.00000
0.00000
0.00000
0.00000
0.00001
0.00003
0.00002
0.00000
0.00000
0.00000
0.00001
0.00000
0.00005
0.00000
0.00000
0.00000
0.00001
0.00000
0.00000
0.00000
0.00000
0.00000
0.00000
0.00000
0.00000
0.00000
0.00000
0.00000
0.00000
0.00002
0.00000
0.00000
0.00000
0.00000
0.00000
0.00001
0.00000
0.00000
0.00000
0.00001
0.00001
0.00003
0.00003
0.00000
0.00000
0.00000
0.00000
0.00000
0.00000
0.00002
0.00000
0.00000
0.00000
0.00001
0.00000
0.00000
0.00000
0.00000
0.00000
0.00001
0.00000
0.00000
0.00000
0.00000
0.00001
0.00001
0.00000
0.00000
0.00000
0.00000
0.00000
0.00000
0.00000
0.00001
0.00000
0.00000
0.00000
0.00000
0.00000
0.00000
0.00000
0.00000
0.00000
0.00000
0.00000
0.00000
0.00000
0.00000
0.00000
0.00000
0.00000
0.00000
0.00000
0.00000
0.00000
0.00000
0.00000
0.00000
0.00000
0.00000
0.00000
0.00000
0.00000
0.00000
0.00000
0.00000
0.00000
0.00000
0.00000
0.00000
0.00000
0.00000
0.00000
0.00001
0.00000
0.00000
0.00000
0.00004
0.00000
0.00000
0.00000
0.00000
0.00000
0.00000
0.00000
0.00000
0.00000
0.00000
0.00001
0.00000
0.00000
0.00000
0.00000
0.00000
0.00000
0.00001
0.00000
0.00000
0.00000
0.00001
0.00000
0.00002
0.00000
0.00000
0.00000
0.00000
0.00000
0.00000
0.00000
0.00001
0.00000
0.00000
0.00000
0.00000
0.00000
0.00000
0.00000
0.00000
0.00001
0.00001
0.00000
0.00000
0.00000
0.00000
0.00000
0.00000
0.00000
0.00000
0.00000
0.00000
0.00000
0.00000
0.00000
0.00000
0.00000
0.00001
0.00000
0.00000
0.00000
0.00000
0.00001
0.00000
0.00001
0.00000
0.00000
0.00000
0.00000
0.00000
0.00001
0.00000
0.00000
0.00000
0.00000
0.00002
0.00000
0.00000
0.00000
0.00000
0.00000
0.00001
0.00001
0.00001
0.00000
0.00000
0.00000
0.00000
0.00000
0.00000
0.00000
0.00000
0.00000
0.00000
0.00000
0.00000
0.00001
0.00000
0.00000
0.00000
0.00000
0.00000
0.00000
0.00000
0.00000
0.00000
0.00000
0.00000
0.00000
0.00000
0.00000
0.00000
0.00000
0.00000
0.00000
0.00012
0.00001
0.00000
0.00000
0.00000
0.00000
0.00000
0.00000
0.00001
0.00000
0.00000
0.00002
0.00002
0.00001
0.00000
0.00000
0.00000
0.00001
0.00000
0.00000
0.00000
0.00000
0.00000
0.00000
0.00000
0.00000
0.00000
0.00000
0.00000
