21.43295
60.97212
110.41379
29.62547
56.47717
41.74620
30.52691
20.18515
17.74168
23.19158
17.18455
6.77490
16.22202
6.37545
23.67112
73.17311
33.40514
17.28468
71.68306
88.43449
20.84218
20.70185
15.68416
57.78847
27.69397
21.32986
19.08620
30.33842
24.12491
18.11867
13.42975
16.42455
19.12757
37.20980
20.05393
13.44491
10.29008
14.09893
21.60418
41.43715
23.24039
20.62794
45.64428
63.88520
44.83731
13.82191
21.25299
30.18744
74.74950
73.69958
64.83534
16.53740
9.64179
16.66941
31.86668
25.60766
8.30039
21.55449
12.85135
17.35699
5.10506
2.44759
1.95643
23.94329
14.20562
21.96483
10.23258
12.73006
10.73849
7.59418
6.65783
4.47316
4.32850
7.22356
10.96069
16.14649
5.99885
5.81408
15.60422
12.61601
18.83187
8.43670
8.11669
8.77502
9.72536
4.86991
2.42440
4.78979
15.89183
12.73377
5.47107
7.37405
4.52010
3.00492
4.12448
4.97345
2.65132
4.82012
6.19116
2.16361
8.56867
8.11105
3.92043
4.14937
3.82033
1.79619
3.44572
1.75312
5.81966
5.80020
4.20758
4.15284
1.85791
2.40761
8.57096
4.16713
6.71965
2.37258
8.41139
5.76176
2.22007
7.73313
8.35287
1.70291
3.85819
2.31075
3.69377
1.24769
2.14854
2.01681
3.01890
1.46421
3.28748
4.10987
3.33834
5.66069
4.11439
3.30709
1.55669
5.89257
2.52094
6.06627
3.56503
1.03117
0.84215
3.66596
1.97154
6.31504
2.92557
13.47380
2.35836
4.03419
1.10868
2.50757
3.59985
2.79207
1.22962
2.68527
0.85944
0.74785
1.91801
3.03100
2.33115
3.70428
1.12195
2.54337
4.46087
1.55616
1.51774
3.70436
1.97248
2.11809
4.33191
3.20638
2.76049
2.48597
2.36346
4.00266
8.55151
1.87372
7.51990
0.97584
4.63321
3.84671
5.81307
2.55940
2.61785
3.18451
4.63890
2.30824
1.83039
2.42984
3.23104
1.58787
1.36444
6.84329
3.06981
3.65672
1.83799
2.02204
0.98020
0.70758
1.24779
1.15465
1.95808
2.39236
2.66921
1.65240
1.71627
0.70541
1.03021
4.00241
1.91620
0.97370
0.99988
2.71579
3.34035
1.76125
2.32840
2.70252
0.87044
0.97497
3.41120
1.47262
1.11546
2.11148
1.07029
1.07426
10.86392
1.24442
5.84383
2.29847
3.82541
3.29054
6.69288
1.36347
2.65341
2.27769
1.12934
2.34491
2.64766
3.37557
3.59615
4.00362
2.80555
0.93934
3.34485
1.66237
2.04116
0.80013
1.86223
1.16152
1.60055
0.60892
0.91593
0.52839
2.62205
1.52666
2.62284
1.61374
2.03384
0.53150
1.79111
3.14535
2.44659
1.81748
2.11206
2.32655
1.55574
0.98475
1.59375
2.41246
7.02490
1.96137
1.21236
1.14259
0.63959
3.99144
1.80889
0.96773
0.64821
1.13461
0.57287
0.98683
1.90821
2.19217
1.01419
1.20780
3.59036
1.58477
0.69506
1.01504
1.21514
0.58172
1.52930
0.94284
0.61112
0.87593
1.47509
1.95821
1.90031
3.00606
1.46447
2.98900
1.76344
1.24093
1.15708
0.78825
0.61370
1.45648
0.76392
1.85231
0.76759
1.21879
1.35110
1.23961
1.09972
1.06082
0.84078
0.77753
0.72056
0.75297
0.73280
0.64362
0.73908
0.75785
1.63777
0.64345
1.93569
0.94046
0.70375
1.88642
1.52282
0.75740
1.45995
1.78890
0.78132
1.23801
0.68716
1.48788
0.81565
0.74918
1.00914
1.25445
1.31282
0.71417
0.62597
1.15910
2.15103
1.14898
1.13149
1.20028
0.99284
0.79598
2.92054
2.27621
2.04575
0.93974
1.08220
0.96005
0.79164
0.58964
1.00204
0.90676
0.81806
0.73495
0.55661
0.74033
0.68958
1.12752
1.90398
0.77667
0.98957
0.74229
0.93127
2.28211
1.71842
1.13348
0.45727
0.74054
0.65777
1.34498
0.69264
1.02038
0.79223
0.94218
1.16646
0.91738
0.68142
1.27639
0.70451
1.17033
0.55379
1.34581
1.25925
1.01386
0.57935
1.19983
0.87301
1.34200
0.66643
0.75863
0.80757
0.61433
0.48835
0.83919
0.85107
1.09647
1.65373
1.98514
2.82285
1.01435
1.06386
3.10068
0.64160
0.61606
1.19613
4.12372
0.53653
1.11725
0.82085
0.81653
0.68284
0.84904
0.56543
0.71080
0.77198
1.67570
0.86475
0.85131
1.52305
0.71697
0.88318
0.64135
1.02485
1.57481
0.78818
0.71670
0.85407
0.91544
0.71748
0.74404
0.85815
1.13909
0.97880
0.72119
0.71576
0.63353
0.85385
1.29099
0.81177
0.98458
0.78971
0.93811
0.74643
0.73719
0.62099
1.81473
1.23591
1.07676
0.88400
0.61195
1.05147
0.56911
1.05039
0.88993
0.90531
0.98705
0.59488
0.74841
0.70427
0.96326
0.85347
0.53331
1.56038
0.66600
2.43174
0.42244
0.69019
0.93432
1.29387
0.64345
0.69286
0.68296
1.71204
0.83635
0.95694
0.71010
0.54868
0.64919
0.87399
0.60108
0.85441
0.55593
0.48047
1.31045
0.87166
1.00746
1.30769
0.69587
0.68961
0.89289
0.57323
0.89712
0.60109
0.92627
0.96459
0.96780
1.20783
1.27737
0.61317
0.79358
0.71801
0.80577
0.83322
0.68354
0.77583
0.53494
0.77911
1.04079
0.84291
0.63334
0.73494
0.60337
1.33581
0.58183
0.83906
0.78023
0.60323
0.59913
0.67616
0.79992
0.77469
0.72898
0.62680
0.60999
0.56846
0.59965
0.65883
1.35762
2.38788
0.66571
0.64204
1.08631
0.65058
0.77961
1.12819
1.13152
1.04663
0.69061
0.57301
1.12769
0.79055
0.81448
0.95041
0.75486
0.78495
0.66983
0.88347
0.49863
0.75421
0.80484
0.66982
1.11430
0.74815
0.59052
0.78861
0.74627
0.75171
0.76589
0.57371
0.61327
0.55331
0.72848
0.82866
1.28175
0.87586
0.64738
2.24747
0.78535
0.66240
0.85021
2.33408
0.90294
0.72254
0.78570
1.02373
0.72621
0.99620
0.64493
0.65682
0.76162
1.08431
0.71134
0.59485
1.74012
1.22096
0.96011
0.60276
0.81157
0.54867
0.57272
0.72813
0.67151
0.90991
0.68939
0.66896
0.61969
0.66850
0.58536
0.54458
0.82349
0.61710
0.71318
0.73447
1.54749
0.99624
1.45777
1.06843
0.62166
0.64737
0.64105
0.64785
1.19934
0.73203
1.08448
0.97146
0.80190
0.72011
0.60451
0.91232
0.62676
0.66468
0.71457
0.61240
0.72322
0.67063
0.71176
0.54308
0.62183
0.67737
0.67628
0.66197
0.75317
0.79390
0.62828
1.10889
0.64826
1.18374
0.65060
0.86598
0.69116
0.66114
0.86164
0.63109
0.73068
1.47416
0.71442
0.67065
0.89933
0.76462
0.73930
0.78766
0.65710
1.58512
0.76452
0.67181
0.68857
0.60575
0.72487
0.62567
0.64158
1.14033
0.66520
0.73843
0.69713
0.78442
0.61921
0.84152
0.53232
0.71181
0.51199
0.55372
2.83478
1.29576
0.86464
0.61146
0.78952
0.66997
0.87230
0.65973
0.62513
0.75508
0.64627
0.66054
0.75312
0.79883
0.91890
0.70142
0.69513
0.65766
0.60302
0.65329
0.56499
0.54643
0.96964
0.56240
0.66783
0.62101
0.68393
0.62536
1.89812
0.59988
1.17287
0.80113
0.62404
0.72927
0.85138
1.05270
1.04592
1.19577
0.75981
0.82449
0.94308
0.59884
1.59794
0.75841
0.71759
0.81935
0.59133
0.72368
0.95867
0.69424
0.68094
0.89284
0.85263
0.66751
0.95594
0.72022
0.66146
0.71200
0.72525
0.80378
0.66918
0.94825
0.77251
0.62238
0.64346
0.82289
0.85225
0.72830
0.66774
0.73226
1.64801
0.94950
0.64259
1.15919
0.68579
0.87479
0.66870
0.65637
0.76159
0.80236
0.70680
0.62421
0.67143
0.74602
0.72343
0.60841
0.66938
0.63174
1.05063
0.69100
0.66417
0.64060
0.66165
0.64664
0.67144
0.60609
0.62925
0.86706
0.73620
0.65152
0.60034
1.60289
0.65752
0.67678
0.67892
0.72688
0.60975
0.76598
0.70039
0.76421
0.83605
0.80277
0.60242
0.78330
0.93597
0.71583
1.30466
1.01636
0.65580
0.72331
0.64241
0.64268
0.61121
1.05696
0.67706
2.32046
1.88572
1.55135
0.65886
0.72261
0.81796
0.64464
0.64127
0.75299
1.06344
0.74453
0.75956
0.68920
0.67974
0.63996
0.63274
1.04957
0.79027
0.64145
0.68032
0.67041
0.52055
0.66366
0.64777
0.70265
0.55760
0.72391
0.57494
0.71708
0.70492
0.63869
0.61007
0.77681
0.76862
1.02173
0.65387
0.70118
0.64448
0.73032
0.71580
0.69676
0.74013
0.66291
0.66694
0.53447
0.69872
0.80684
0.63090
0.94314
0.58732
0.80082
0.82990
0.64275
0.62978
0.91583
0.70707
0.78626
0.81339
0.52628
0.56344
0.63574
0.66530
0.79926
0.69342
0.69408
0.69139
0.55210
0.85910
1.19769
1.66121
0.71849
0.56342
0.65071
0.71711
1.69587
0.65065
0.67834
0.67961
0.63210
0.61337
0.78585
0.62690
0.71386
0.68643
0.81319
0.71907
0.92255
0.72491
0.70197
0.66698
0.59750
0.68274
0.68861
0.82659
0.72092
0.92497
0.75630
0.70796
0.61101
0.72855
0.60863
0.70832
0.75850
0.68397
0.63224
0.58542
0.66671
0.69829
0.87200
0.66207
0.73663
0.60554
0.61550
0.96199
0.74592
0.69217
0.91889
0.72319
0.72710
0.65014
0.64422
0.62998
0.61121
0.59887
0.79519
0.66757
0.86491
0.65492
0.60478
0.61804
0.48134
0.69702
0.64942
0.62526
0.63132
0.65554
0.71061
0.90802
0.71192
0.54704
1.06160
0.68741
0.98513
0.58741
0.76403
0.66945
0.59081
0.82154
0.61107
0.72480
0.72225
0.78467
0.67989
0.64504
0.69535
0.68064
0.58448
0.69946
0.62545
0.71734
0.75066
1.00211
0.73161
0.63990
0.58755
0.69294
0.54175
0.88942
0.72826
0.74874
0.59930
0.42589
0.48016
0.71126
0.82650
0.78745
0.69600
0.68022
1.17832
0.54290
0.59879
0.59878
0.60935
0.74318
0.59948
0.74361
0.75952
0.87871
0.81772
0.66007
0.82943
0.78186
0.80019
0.63434
0.65650
0.98569
0.66287
0.66880
0.69848
0.81514
0.74090
0.59866
0.67727
0.56124
0.81017
0.78100
0.67315
0.79999
0.82712
0.51736
0.83320
0.80264
0.73203
0.61544
0.61984
1.08676
0.73611
0.66440
0.69199
0.76712
0.64135
1.02120
0.61346
0.81557
0.73837
0.60313
0.66611
0.71018
0.67169
0.73370
0.69605
0.63947
0.72066
0.70427
0.83761
0.72077
0.72836
0.71194
0.60030
0.86316
0.79031
0.63382
0.71618
0.62327
0.70355
0.63988
0.64405
0.67484
0.77000
0.70708
0.69927
0.64088
0.62615
0.63880
0.67303
0.80602
1.20958
0.71493
0.66156
0.69704
0.72754
0.75607
1.86715
0.62372
0.65683
1.72803
0.63804
0.60355
0.90540
0.65190
0.71043
0.56326
0.61815
0.67245
0.61474
0.72615
0.67016
0.77813
1.07922
0.70432
0.64343
0.59263
0.63953
0.54727
1.11459
0.79957
0.68388
0.69668
0.60368
0.66957
1.33678
0.54962
0.67421
0.65982
0.61163
0.62735
0.71608
0.78371
0.68366
0.73072
1.25919
0.71154
0.68843
0.63689
0.51853
0.62162
0.68762
0.58363
0.79889
1.32474
0.69205
0.77491
0.66629
1.04464
0.72152
0.75953
0.63657
0.62431
0.75360
0.60727
0.72522
0.50885
0.51844
1.15336
0.73739
0.69199
1.03009
1.31006
0.75437
0.65332
0.62996
0.87346
0.65818
0.61322
0.69451
0.80373
0.58061
0.62572
0.60714
0.51694
0.67864
0.68442
0.71726
0.86146
0.57470
0.80768
0.58301
0.63382
0.66194
0.57040
0.66163
0.56395
1.02194
0.64691
0.61336
0.70526
0.70476
0.66675
0.57957
0.63909
0.75881
0.64424
0.61268
0.70359
0.70609
0.64029
0.73180
0.68373
0.72825
1.26895
0.78306
1.11468
0.70745
0.72208
0.72364
0.75657
0.65332
0.61327
0.73309
0.78690
0.74747
0.71110
0.67460
0.59035
0.69803
0.70757
0.60858
0.73249
0.69483
0.65238
0.63708
0.94778
0.64693
0.63299
0.66638
0.61691
0.59712
0.61702
0.90502
1.00739
0.78733
0.75007
0.73393
0.46817
0.76806
0.68985
0.71128
0.61776
0.63398
0.60914
0.57431
1.26338
0.57736
0.76450
0.72231
1.38760
0.66470
0.74933
0.68653
0.65355
0.63398
0.70539
0.65065
0.79397
0.71156
0.61528
0.59617
0.69726
0.82437
0.64016
0.74171
0.74545
0.97415
0.68351
0.63649
0.63496
0.76402
0.59173
0.65300
0.59038
1.18730
1.10298
0.98722
0.67067
0.69085
0.62253
0.64286
0.72337
0.96167
0.66541
0.79977
0.54997
0.67037
0.75156
0.73182
1.42965
0.65179
0.65575
0.86413
0.74238
0.90879
0.63555
0.64717
0.86082
0.71553
0.54481
0.75807
0.75536
0.67217
0.67764
0.69833
0.69431
0.68797
0.63899
0.59523
1.24112
0.65491
1.04395
2.24024
0.63897
0.70322
0.63135
0.55508
0.77505
1.15001
0.70595
0.61850
0.74615
0.94805
0.82385
0.66798
0.71241
1.16348
0.75216
1.19960
0.62546
0.73422
0.66940
0.68181
0.68534
0.57101
0.63824
0.86287
0.77299
1.02634
0.73563
0.65238
0.52712
0.53538
0.71951
0.59796
0.64408
0.64093
0.69796
0.61974
0.74678
0.68679
0.72232
0.72820
0.60835
0.65041
0.67398
0.94673
0.69308
1.03478
0.76258
0.60323
0.79085
0.69197
0.77623
0.65037
0.72312
0.74250
0.68797
0.66033
0.75547
0.61728
0.54516
1.13082
0.71274
0.74636
0.71892
0.71503
0.67983
0.68840
0.63104
0.63544
0.59215
0.67176
0.73220
0.65042
0.80012
0.70172
0.54024
0.59545
0.60560
0.59280
0.95621
0.79592
0.70119
0.62030
0.75827
0.50604
0.74091
0.61928
0.72564
1.00998
0.95781
0.66267
0.74393
0.76453
0.69596
0.49064
1.69863
1.80123
0.57863
0.62965
0.58512
0.67270
0.64782
0.68685
0.70691
0.66736
0.65681
0.65521
0.72762
0.68810
0.60592
0.65915
0.60309
0.62899
0.68858
0.60845
0.61744
0.56397
0.46531
0.72090
0.57564
0.72824
0.84414
0.80559
0.65746
0.70210
0.55914
0.61530
1.62179
1.14167
0.64448
0.71404
0.76670
0.74826
1.21550
0.72980
0.68897
0.66187
0.70861
0.68621
0.58771
0.58281
0.74809
0.85348
1.21308
0.73695
0.73267
0.78447
0.70846
0.93004
0.80792
0.75438
0.65147
0.71738
0.60690
0.65798
0.67068
0.63733
0.59290
0.52478
0.62439
0.82119
0.62158
0.65907
0.47147
0.57211
0.56498
0.65492
1.13167
0.69236
0.61976
0.81437
0.58147
0.62302
0.70611
0.53981
1.28117
0.67752
0.71584
0.72793
0.74639
0.62986
0.56259
0.65159
0.66463
1.19381
0.70972
0.83411
0.69162
0.64837
0.72908
0.80950
0.73591
0.61044
0.73608
0.99142
0.71234
0.68376
0.71462
0.69834
0.69455
0.64035
0.68949
0.60610
0.73754
0.66463
0.75574
0.60531
0.57948
0.72410
0.58367
0.65608
0.85694
0.57088
0.42464
1.02172
1.04298
0.66649
0.67923
0.68799
0.64637
0.73493
0.59026
0.69139
0.60311
0.68002
1.92612
0.89981
0.65314
0.69910
0.67959
0.63539
0.66317
0.63672
0.76292
0.70043
0.66985
0.64205
0.61162
0.68245
0.71413
0.71773
0.54661
0.62606
0.54319
0.61115
0.75522
0.52049
1.01367
0.67687
0.78787
0.74781
0.63603
0.72787
0.62539
0.60935
0.66955
0.59385
1.09447
0.64715
0.92933
0.76748
0.59175
0.59321
0.57851
0.88049
0.43304
2.03511
1.01233
3.18075
0.72978
0.56910
0.67838
0.73962
0.69752
1.16908
0.66606
0.65924
0.57943
0.86861
0.76452
0.59408
0.58761
0.65054
0.56734
1.01295
0.59809
0.56769
0.64587
0.65379
0.43715
0.50205
0.54072
0.76998
0.91869
0.57478
0.54233
0.74397
0.66528
0.65430
0.47714
0.69827
0.58262
0.72826
0.55322
0.67887
0.87823
0.80389
1.22416
0.68156
0.75797
0.70556
0.80430
0.55380
0.61197
0.88345
0.75763
0.58502
0.81118
0.60324
0.54878
0.61665
0.90696
1.47021
0.87269
0.79272
0.61213
0.59218
0.59237
1.43882
0.57681
0.57217
0.58367
0.61053
0.54365
0.56529
0.76544
0.69577
0.74544
0.82319
0.82499
0.87127
0.76632
0.66985
0.65984
0.58478
0.76259
0.81220
1.62319
0.71504
0.56976
0.62297
0.70453
0.57596
0.49563
0.76359
0.70148
0.67359
0.73363
0.77712
0.70513
0.63740
0.59360
0.68741
0.64138
0.64178
0.64612
0.53021
0.95972
0.78272
0.63908
0.84119
0.78185
0.75538
0.60006
0.55700
0.90947
0.62907
0.64479
0.61548
0.68763
0.69293
0.61281
0.65995
0.70131
0.70262
0.59563
1.12733
1.34010
5.38708
0.87738
0.69288
0.59325
0.48054
0.63013
0.76541
0.65959
0.54278
0.62136
0.67288
0.76418
0.71069
0.65886
0.67616
1.79248
0.65597
0.77448
0.68898
0.67385
0.72742
0.73550
0.71751
0.70010
0.84442
0.75232
0.92191
0.70770
1.01087
0.67702
0.66461
0.57764
0.63883
0.71446
1.29702
1.13707
0.68680
0.62343
0.50569
0.67449
0.58011
0.73563
0.60642
1.43096
0.93300
0.65704
0.66846
0.64342
0.69008
0.64180
0.84362
0.53019
0.68012
0.76340
0.66602
0.62058
0.67067
0.59561
0.55620
0.69085
0.68718
0.67856
0.66373
0.81932
0.91986
0.69269
0.71722
0.66496
0.74165
1.32492
0.68188
0.65055
0.75111
0.67078
0.90465
0.97065
0.70862
0.66850
0.82420
0.69215
0.66763
0.64603
0.61803
0.70641
0.71675
0.67102
0.75079
0.70680
0.64859
0.70931
0.67792
0.70343
0.80214
0.58420
0.62764
0.66045
0.67695
0.79291
0.70254
0.71628
0.74163
0.71393
0.60445
0.60931
0.67634
0.84227
0.64306
0.67101
0.64361
0.65910
0.77395
0.73362
0.63197
0.67063
0.62681
0.68749
0.66504
0.64087
0.59176
0.63121
0.61237
0.61234
0.64689
0.70066
0.72942
0.70554
0.65091
0.66154
0.65270
0.71276
0.79899
0.69998
0.67496
0.72070
0.64478
0.66813
0.59852
0.61244
1.04823
0.59514
0.61073
0.65572
0.73217
0.76789
0.72578
0.66526
1.23927
0.88427
0.66937
0.63397
0.69722
0.67615
0.67791
0.62823
0.70447
0.71002
0.66296
0.59582
0.65017
0.68170
0.90694
0.61086
0.66784
0.82910
0.65731
0.67612
0.72529
0.64665
0.69116
0.65334
0.65609
0.67100
0.66284
0.61781
0.72939
1.00148
0.86205
0.53387
0.56195
0.55252
0.75857
0.82487
0.76274
1.10979
0.71166
0.73238
0.57585
0.81136
0.80184
0.62941
1.22394
1.80082
0.75562
0.60832
0.63772
0.74143
0.67039
0.70993
0.78536
0.80022
0.71447
0.62106
0.73760
0.61549
0.61775
0.65775
0.59429
0.74332
0.72000
0.71764
0.65944
0.69727
0.60850
0.64800
0.65656
0.59175
2.94403
0.61209
0.59476
0.69857
0.66482
0.62470
0.72414
0.75706
0.65909
1.15044
0.62891
0.58754
0.54027
0.64748
0.66098
0.67419
0.75394
0.73540
0.65727
0.85055
0.68947
0.64192
0.57064
0.61106
0.72091
0.68427
0.70888
0.63182
0.67347
0.81037
0.62913
0.70904
0.62713
0.65157
0.63359
0.62359
0.78549
0.49144
0.58195
0.64654
0.67354
0.60111
0.66450
0.68006
0.76765
0.66795
0.69020
0.65004
0.73023
0.65639
0.72783
2.26378
0.71572
0.74732
0.63849
0.62465
0.65464
0.55460
0.73424
0.56076
0.56540
0.68848
0.51547
0.47971
1.10275
0.53577
1.17402
0.65763
0.83723
0.69252
0.54892
0.69350
0.70432
0.74332
0.59039
0.57906
0.69088
0.81651
0.81083
0.63102
0.73238
0.57569
0.59355
0.61589
0.69091
0.71426
0.63986
0.63833
0.56607
0.60941
0.54370
0.62759
0.72215
0.60520
0.59996
0.54230
0.64545
0.61788
0.84016
0.46401
0.61969
0.65195
0.62400
0.83943
0.62376
0.64294
0.57827
0.79692
0.57901
0.76414
0.71112
0.60413
0.88045
0.54308
0.56282
1.15865
1.08892
1.34717
0.80246
0.56183
0.62753
0.89749
0.61087
0.72844
0.78350
0.66930
0.76802
0.94756
0.68118
0.59712
0.63110
0.64516
0.59980
0.55849
0.68934
0.57064
0.95904
0.56018
0.66665
0.71248
0.62717
0.75804
0.71659
0.85199
0.59398
0.52168
0.89984
0.56005
0.49884
0.53637
0.67550
0.55484
0.61673
0.59727
0.56852
0.81651
0.55703
0.69483
0.69647
0.66208
0.73229
0.66015
0.62008
0.65896
0.64748
0.77133
0.64996
0.86406
0.48000
0.44984
0.56247
0.56762
0.64688
0.68610
0.63600
0.67367
0.68157
0.96058
1.45892
0.76591
1.29196
0.55623
0.62732
0.59660
0.55492
0.72055
0.59966
0.63838
0.45003
0.85646
0.90514
0.82959
0.64162
0.64457
1.12566
0.62819
0.74107
1.05691
0.45460
1.34975
0.73773
0.58003
0.64102
0.67428
0.64381
0.65889
0.70887
0.70112
0.78810
0.73261
0.62188
0.59590
0.54529
0.55774
0.58149
0.57915
0.60282
0.51187
0.83317
0.65231
0.66250
0.61074
0.71327
0.58522
0.41802
0.66330
0.69584
0.55987
1.19254
0.86979
1.11862
0.95760
0.67691
0.62162
0.61608
0.65952
0.69687
0.60091
0.61726
0.71461
0.50513
0.63986
0.83723
1.17413
0.76772
0.62514
0.62965
1.27852
0.56803
1.06925
0.56724
0.64211
0.82714
0.63545
0.74306
0.60970
0.59671
0.55970
0.73989
0.74768
0.72445
0.61547
0.64123
0.75677
0.61395
0.63311
0.63643
0.87625
0.81210
0.60855
0.59222
0.58045
0.55032
0.54787
0.76156
0.55386
0.68851
0.62189
0.73170
0.61534
0.71963
0.67191
0.80432
1.99503
0.75771
0.75924
0.86486
0.64095
0.58097
0.60986
0.71395
0.88733
0.62341
0.73902
0.67552
0.70206
0.70353
0.59070
0.67546
0.64641
0.73633
0.59029
0.58465
0.67591
0.77274
0.66303
0.61573
0.66479
0.67452
0.63657
0.65474
0.77368
0.70785
0.62350
0.66157
0.59408
0.61941
0.61272
0.69562
0.59955
0.63788
0.59022
0.54801
0.61561
0.67925
0.71430
0.60857
0.71302
0.69388
0.72635
0.60850
0.95161
0.67586
0.56687
0.63668
0.58090
0.49280
0.58128
0.69098
0.55304
0.67536
0.56992
0.71432
0.72997
0.96217
0.56218
0.53567
0.56521
0.78487
0.75860
0.72690
0.78114
0.62355
0.45124
0.57282
0.43186
0.59746
0.63344
0.86182
0.76174
0.59463
0.56727
0.72131
0.66466
0.60578
0.47659
0.48524
0.61917
0.53139
0.80331
2.56040
0.72840
0.64046
0.68053
0.55369
0.74201
0.66675
0.75443
0.78276
0.71833
0.78808
0.63391
0.96665
0.72025
0.67142
1.80411
0.66116
0.63422
0.81307
0.64404
0.61542
1.18629
0.57797
0.54793
0.71821
0.80984
1.03690
0.50994
0.81102
0.64010
0.71521
0.59768
0.93045
0.64202
0.65263
0.74584
0.64537
0.62301
0.60092
0.57610
0.56946
0.67380
0.72917
1.11125
0.53954
0.59022
0.61017
0.72915
0.68137
0.61147
0.64068
0.58366
0.68734
0.65049
0.69563
0.68398
0.52228
0.55677
0.53822
2.01768
0.50941
0.59135
0.76977
0.69321
0.65086
0.64754
0.59392
0.74767
0.68269
0.74254
0.66235
0.63781
0.61013
0.64247
0.83749
0.51415
0.55778
0.61569
0.99633
0.74674
0.51687
0.58608
0.61512
0.62399
0.64326
0.69013
0.65032
0.70891
0.68996
0.63903
0.69398
0.91263
0.69063
0.60096
0.73367
0.63156
0.70288
0.64573
0.59139
0.57067
0.62229
0.59287
0.57594
0.44925
0.73757
0.66775
1.12660
0.65729
0.74700
0.63602
2.53637
0.83013
0.50605
0.63126
0.59876
0.67859
0.64919
0.62379
0.65428
0.91456
0.57796
0.67481
0.88900
1.03031
0.63836
0.54887
0.85794
0.74269
0.58985
0.70897
0.69124
0.63802
0.60790
0.61843
0.66844
0.67299
0.70433
1.25843
0.71413
0.68511
0.68415
0.64041
0.64790
0.83547
0.72653
0.75397
0.62693
0.66776
0.64822
0.59817
0.66480
0.63238
0.73721
0.66721
0.76491
0.70707
0.63731
0.63886
0.63392
0.64127
0.56505
0.59331
0.59060
0.54469
0.57174
0.58212
0.65430
0.59227
0.71146
0.57521
0.66719
0.75896
0.84169
0.94233
0.65748
0.54939
0.81518
0.95071
0.70480
0.68121
0.60043
0.63768
0.54946
0.66727
0.55901
0.75050
0.90948
0.74276
0.62656
0.57998
0.56558
0.70020
0.77763
1.10016
0.67523
0.62257
0.76134
0.77353
0.71590
0.72328
0.64706
0.66673
0.74774
0.69488
0.63985
0.73120
0.79409
0.64777
0.59859
0.60664
0.77810
0.84880
1.04894
0.62555
0.72180
0.79320
0.68375
0.69520
0.58840
0.65433
0.52982
0.70248
0.62752
0.61222
0.53090
0.51192
0.63913
0.70724
0.73132
0.64747
0.65459
0.68673
0.53362
0.97657
0.55005
0.96229
0.59723
1.07150
0.57772
0.60834
0.54481
0.66809
0.62137
0.56299
0.52466
0.47351
0.65949
0.55807
0.94807
0.70539
0.63720
0.74027
0.73335
0.69266
0.73325
0.71362
0.65956
0.57025
0.61855
0.53893
0.55649
0.51133
0.66807
0.63749
0.64276
0.79243
0.50546
0.98768
0.92794
0.81773
1.04500
0.65185
0.48789
0.68701
0.60776
0.72322
0.56214
2.30977
0.51738
0.55062
0.63888
0.85640
0.57705
0.60833
0.61744
0.67554
0.53337
0.85845
0.75773
0.61394
0.53250
0.90057
0.66666
0.64899
0.61134
0.65693
0.62559
0.64923
0.59407
0.63389
0.70748
0.53618
0.72213
0.59550
0.69291
0.56610
0.56657
0.56260
0.67441
0.60329
0.58158
0.60294
0.64166
0.76416
0.81838
0.66461
0.55783
0.62389
0.59376
0.61207
0.56002
0.72613
0.51230
0.75278
0.68627
0.91066
0.58904
0.71763
0.60118
0.73717
0.66897
0.57756
0.58948
0.56422
0.70902
0.55271
0.52454
0.61770
0.58399
0.44782
0.65741
0.60282
0.56858
0.47734
0.56695
0.56470
0.72421
0.70047
0.48542
0.94695
0.56590
0.78665
0.59104
0.70633
0.69618
0.63575
0.43855
0.78614
0.62961
0.45596
0.53543
0.57496
0.79207
0.60207
0.70462
0.82404
0.49738
0.51343
0.64193
0.63055
0.70246
0.62226
0.70984
0.66308
0.47385
0.53539
0.54445
0.63074
0.61406
0.49094
0.57159
0.58928
0.62058
1.04096
0.61095
0.63101
0.50584
0.43559
0.63389
0.49894
0.57029
0.55648
0.92266
0.68823
0.57166
0.45415
0.48939
0.51564
0.67858
0.57956
0.56109
0.49675
0.59811
0.37484
0.91244
0.46304
0.50540
0.66605
0.98154
0.61158
0.37475
0.31114
0.39818
1.11557
1.54689
1.19301
0.49709
0.59426
0.51169
1.01211
1.48669
0.45998
0.72269
0.69667
0.90064
0.52186
0.66386
0.60368
0.56584
0.59588
0.72629
0.53676
0.60940
0.57452
0.56423
0.63925
0.55270
0.67050
0.82411
1.57898
0.45984
0.56979
0.87228
1.05121
0.78328
0.70064
0.95329
0.68726
0.91752
0.54731
0.48476
0.63669
0.48712
0.61530
0.51919
0.58333
0.60981
0.65058
0.49527
0.63136
0.66025
0.49208
4.19532
1.03383
0.84260
0.62399
0.78163
1.75952
1.48879
0.92686
0.52673
0.61378
0.70750
0.57179
0.69721
0.54915
0.61568
0.86137
0.51931
0.63265
0.74775
0.49117
0.63143
0.62881
0.84413
0.59473
0.61923
0.58095
0.76387
0.56311
0.66380
0.70979
0.92870
0.68042
0.53096
0.58285
0.43491
0.62811
0.58412
0.64701
0.70840
0.60256
0.62415
1.06545
0.65670
0.64538
0.54426
0.56997
0.48857
0.59688
0.57530
0.63064
0.64916
0.64226
0.57188
0.38451
0.58897
0.53387
0.95105
0.46548
0.62833
0.59614
0.50076
0.69495
0.79170
0.67054
0.47258
0.57868
0.67189
0.63731
0.51070
0.47605
0.57379
0.52980
0.62402
0.63510
0.64521
0.26925
0.48158
0.91208
0.82883
0.58096
0.60580
0.83993
0.69469
0.44303
0.47871
0.57838
0.99208
0.76562
0.90574
0.51815
0.57916
0.54252
0.81147
0.55977
0.51259
0.74378
0.62258
0.46883
0.54317
0.51900
0.54350
0.57706
0.65306
0.59834
0.53070
0.54418
1.05068
0.49699
0.72017
0.41727
0.65526
0.62763
0.48243
0.58779
0.67661
0.52844
0.57682
0.61123
0.48313
0.62397
0.60477
0.61219
0.55902
0.38045
0.51461
0.81990
0.67132
0.46577
0.41621
0.36450
0.46747
0.86818
0.57264
0.75438
0.60647
0.46605
0.46984
0.47391
0.54706
0.52458
0.56685
0.60041
0.49824
0.68725
0.93769
0.49611
0.72489
0.59499
0.60566
0.42529
0.58945
0.49387
0.45265
0.43553
0.51702
0.42742
0.43298
0.32969
0.41457
0.61987
0.38966
0.53611
0.51449
0.55629
0.44757
0.86877
0.63076
0.53433
0.43192
0.46628
1.33616
0.98457
0.88422
0.50798
0.51878
0.58609
0.46593
0.54261
0.57163
0.56908
0.52583
0.49483
0.58566
0.72452
0.51378
0.55303
0.60333
0.74064
0.56778
0.43867
0.44111
0.49613
0.58029
0.60571
0.46975
0.83429
0.51829
2.86006
0.55163
0.78780
0.59496
0.38369
0.31885
0.50324
0.46593
0.36960
1.03194
0.65423
0.53115
0.44875
0.40854
0.47286
0.57776
0.50001
0.56673
0.58723
0.58301
0.52346
0.32484
0.54001
0.45330
0.50688
1.10755
1.01720
0.42833
0.49306
0.56854
0.56879
0.50544
0.72455
0.45662
0.53791
0.47743
0.52648
0.73101
0.53349
0.80346
0.74128
0.89652
0.85653
0.87806
0.59890
0.65093
1.07980
0.79158
0.71781
0.45438
0.54377
0.48025
0.37203
0.45483
0.49737
0.69534
0.70948
0.56077
0.51240
0.35947
4.02766
0.65053
0.44085
0.70848
0.55352
0.58951
0.50323
0.41912
0.72810
0.46430
0.58880
0.44587
0.62643
0.67749
1.36355
0.53639
0.82064
0.55666
0.63395
0.57143
0.58921
0.60425
0.60961
0.59567
0.54079
0.43497
0.44866
0.47477
0.46591
0.45510
0.44444
0.43786
0.49865
0.51697
0.41983
0.63320
0.87914
0.50405
0.41728
0.53008
0.32736
0.44266
0.93252
0.66672
0.45265
0.57981
0.55221
0.41392
0.59626
0.60607
0.65603
0.39909
0.65002
0.57801
0.52403
0.53759
0.58729
0.64463
0.81180
0.67418
0.51666
0.43205
0.67738
0.68832
0.56375
0.77292
0.40955
0.33703
0.50510
1.07788
0.77242
1.09310
0.47931
0.61291
0.56139
0.61657
0.58248
0.38014
0.64034
0.52836
0.63465
0.46227
0.48718
1.02696
1.04219
0.52978
0.63514
0.54469
0.45001
3.03841
0.70965
0.66705
0.52691
0.47685
0.55849
0.45342
0.59072
0.51004
0.59687
0.58505
0.47949
0.41421
0.60128
0.70905
0.96149
0.82945
0.48109
0.53267
0.56881
0.42343
0.60442
0.53678
1.00681
1.02257
0.32944
0.54585
0.62471
0.50835
0.70188
0.41211
0.64871
0.71303
0.43299
0.45717
0.53147
0.52113
0.44817
0.66929
0.47850
0.42750
0.35359
1.73977
0.40511
0.53064
0.40141
0.57675
0.43395
0.56567
0.57518
0.63522
0.36354
0.44973
0.52246
0.33055
0.42205
0.35631
0.30924
0.52551
2.03363
0.47137
0.31228
0.37649
0.39429
0.79487
0.55832
0.58379
0.62266
0.44808
0.54681
0.48215
0.60619
0.52419
0.47206
0.60938
0.52745
0.41117
0.28053
0.46996
0.26494
0.34114
0.24889
0.51647
0.48463
0.50307
0.93355
0.47496
0.53153
0.68276
0.42997
0.53925
0.32214
0.40820
0.40198
0.39124
0.62643
0.50878
0.46086
0.64824
0.51918
0.52406
0.46187
0.51171
0.48425
0.76803
0.83971
0.48991
0.29036
0.45671
0.40157
0.44438
0.20915
0.26844
0.32051
0.47727
0.32628
0.47870
0.20998
0.40783
1.11002
0.98481
0.25516
0.28901
0.29116
0.72281
0.71199
0.47892
0.56688
0.60177
0.58071
0.55702
0.53493
0.56811
0.59035
0.89148
0.70084
0.60101
0.59667
0.48325
0.52900
0.46004
0.57681
0.50502
0.75832
0.60042
0.53854
0.54007
0.51520
0.56280
0.57702
0.56456
0.46761
0.49138
0.46721
0.51632
0.62684
0.56026
0.48373
0.55349
0.54600
0.42730
0.46099
0.38839
0.39142
0.34676
0.39097
0.79253
0.76479
0.70084
0.36537
0.35531
0.28175
0.77607
0.44223
0.46093
0.44908
0.39334
0.52506
0.57183
0.53606
0.65291
0.29881
0.41584
0.45042
0.43767
0.43578
0.56837
0.14076
0.32523
0.63455
0.73512
0.38210
0.25315
0.46797
1.12921
0.89177
0.29858
0.55639
0.94858
0.39691
0.70011
0.26608
1.38915
1.14679
0.28799
0.21692
0.27586
0.35337
0.47248
0.56086
0.59254
0.23232
0.29938
0.52301
0.75105
0.47362
0.44940
0.81107
0.83472
0.78379
0.89774
0.39017
0.55067
0.45278
0.46208
0.47648
0.66003
0.66548
0.86702
0.37480
0.54790
0.41853
0.50197
0.35934
0.42750
0.52272
0.49630
0.49807
0.52224
0.49657
0.76768
0.49381
0.60447
0.43569
0.63372
0.33470
0.27590
0.69949
0.52089
0.48003
0.39976
0.29748
0.71008
0.28194
0.74416
0.51809
0.55743
0.38009
0.16904
0.49480
0.76502
0.79785
0.67708
0.38780
0.44091
0.46523
0.41620
0.42172
0.45088
0.43012
0.45573
0.36719
0.47359
0.32546
0.55185
0.42643
0.36071
0.31613
0.49459
0.34343
0.68264
0.85698
0.60356
0.35748
0.52130
0.50220
0.26320
0.27527
0.22969
0.54351
0.35675
0.40975
0.36875
0.32612
0.51846
0.24562
0.61070
0.42067
0.43535
0.40061
0.65925
0.52021
0.56327
0.38312
0.29722
0.42330
0.56494
0.38172
0.23427
0.31783
0.64087
0.58707
0.55772
0.22989
0.25274
0.30988
0.41738
0.39302
0.54411
0.59962
0.47959
0.49863
0.30175
0.32680
0.28578
1.21834
0.35401
0.58953
0.38331
0.28018
0.30416
0.29429
0.57371
1.48805
0.87240
0.50706
0.32485
0.34460
1.02596
0.23625
0.65571
0.63132
0.81708
0.29585
0.42217
0.39984
0.48020
0.53515
0.61532
0.37190
0.37815
0.38887
0.32809
0.40460
0.44156
0.34056
0.59614
0.47168
0.44415
0.42908
0.68483
0.47956
0.66954
0.88307
0.57678
0.31830
0.40631
0.39261
0.85108
0.40487
0.48156
0.44159
0.42669
0.47092
0.55503
0.53157
0.61190
0.51405
0.45156
0.59692
0.60352
0.59178
0.30111
0.31990
0.31958
0.61234
0.57068
0.56241
0.63443
0.45094
0.42046
0.40410
0.31750
0.66276
0.32407
0.27648
0.39020
3.10406
0.32803
0.75055
0.33780
0.46437
0.41345
0.73646
0.43909
0.54752
0.45914
0.49732
0.42099
0.25103
0.50525
0.55031
0.29024
0.24707
0.34121
0.29758
0.21321
0.51803
0.73780
0.56960
0.61983
0.35921
0.40550
0.44460
0.56418
0.64525
0.22702
0.70680
0.98514
0.89542
0.17068
0.41236
2.08076
0.20418
0.25769
0.27481
0.42264
0.37730
0.49016
0.36854
0.32864
0.30756
0.34517
0.48287
0.26770
0.46661
0.50412
0.51983
0.36187
0.72314
0.45493
0.49587
0.35915
0.89138
0.52784
0.36736
0.50177
0.27501
0.27808
0.35821
0.33143
0.50779
0.43068
0.45655
0.44890
0.46408
0.58512
0.25198
0.40005
0.39084
0.36414
0.49020
0.28570
0.48851
0.54867
0.40972
0.42487
0.26539
0.81732
0.62660
1.00089
0.42298
0.29461
0.25928
0.35551
0.30134
0.64570
0.26618
0.43120
0.49648
0.41612
0.49447
0.41907
0.91903
0.62537
0.57413
0.71075
0.36851
0.38867
0.22732
0.39195
0.34265
0.41700
0.36398
0.57062
0.36543
0.33972
0.29068
0.36518
0.57193
0.55403
0.40303
0.31220
0.41047
0.32683
0.27365
0.37883
0.51798
0.37772
0.41929
0.75538
0.71074
0.28751
0.65317
0.73234
0.32356
0.42380
0.43189
0.54398
0.58625
0.48894
0.60737
0.26271
0.31556
0.79455
0.51324
0.53300
0.40901
0.48277
0.45149
0.50617
0.48453
0.50682
0.37200
0.36753
0.37868
0.37362
0.50782
0.51379
0.56647
0.31954
0.29321
0.39337
0.30035
0.26367
0.38270
0.32549
0.33572
0.28592
0.44495
0.26116
0.32389
0.36413
0.40298
0.48477
0.62279
0.31653
0.45158
0.50354
0.58122
0.24047
0.30023
0.19971
1.28099
1.91985
0.44175
0.63267
0.50972
0.36492
0.20399
0.28294
0.68823
0.34008
0.42276
0.43805
0.40828
0.50886
0.36973
0.18188
0.40985
0.22768
0.45621
0.33204
0.60946
0.46644
0.26135
0.22916
0.33096
0.66038
0.48883
0.52789
0.23087
0.19949
0.70404
0.26359
0.31116
0.39570
0.36527
0.34963
0.44347
0.28019
0.10739
0.46799
0.39859
0.73792
0.32452
0.94612
0.98943
0.36699
0.48629
0.20380
0.14280
0.15161
0.31771
0.23129
0.25947
0.38994
0.27284
0.37591
0.40262
0.26771
0.88895
0.68181
0.63720
0.33133
0.34100
0.18630
0.24414
0.29792
0.68225
0.74976
0.58420
0.56930
0.44033
0.27323
0.80612
0.54028
0.43608
0.34581
0.34559
0.37519
0.26990
0.37738
0.38815
0.38908
0.59146
0.34565
0.36713
0.93355
0.34963
0.27208
0.28502
0.50816
0.37300
0.49101
0.64550
0.52411
0.41504
0.55229
0.71915
0.43685
0.51477
0.57470
0.18457
0.40386
0.13613
0.24779
0.18613
0.13208
0.44731
0.58544
0.41457
0.34729
0.38097
0.38999
0.55547
0.16653
0.19344
0.23177
0.28795
0.30805
0.29024
0.56161
0.39111
0.28900
0.20471
0.98964
0.53990
0.21976
0.47559
0.44571
0.37384
0.40947
0.34350
0.49227
0.24175
1.21553
0.77520
0.59412
0.51029
0.41603
0.39337
0.69658
0.27842
0.26026
0.28802
0.23562
0.23778
0.36477
0.32566
0.38289
0.16626
0.70417
0.61887
0.28914
0.16814
0.28529
0.36087
0.49032
0.41869
0.84337
0.59625
0.78775
0.53096
0.39404
0.21247
1.29522
2.15327
0.57331
1.14398
0.39441
0.37902
0.31642
0.42649
0.41131
0.34748
0.38063
0.35245
0.43887
0.35800
0.38366
0.50141
0.41810
0.43528
0.33466
0.36028
0.80666
0.41746
0.26597
0.60560
0.22442
0.27826
0.33189
0.32100
0.19538
0.30210
0.49655
0.35313
0.19791
0.49345
0.47902
0.44984
0.22246
0.32154
0.65568
0.44835
0.44779
0.35412
0.52554
0.22243
0.33928
0.28621
0.31038
0.61190
0.08596
0.90041
0.16118
0.37288
0.42090
0.12054
0.42391
0.16228
0.36097
1.30107
0.32643
0.13435
0.19759
1.25104
0.58022
0.56844
0.25466
0.41876
0.53570
0.38271
0.21303
0.52707
0.43666
0.60676
0.75997
0.56317
0.61196
0.56562
0.41735
0.16510
0.22656
0.36993
0.25819
1.03548
0.51842
0.46194
0.33247
0.26391
0.15605
0.35777
0.27949
0.31602
0.51232
0.55603
0.49470
0.25979
0.24420
0.19993
0.19119
0.53149
0.52190
0.25179
0.45730
0.24408
0.52233
0.28856
0.29912
1.58590
0.41079
0.24444
0.35006
0.66672
0.50291
0.28052
0.33198
0.28079
0.45072
0.28218
0.34369
1.08994
0.38698
0.34412
0.38032
0.38498
0.48628
0.34511
1.20490
0.34869
0.34909
0.29738
0.48949
0.37984
0.32115
0.20565
0.27884
0.84928
0.41002
0.23095
0.42196
0.28611
0.48500
1.10444
0.93113
0.26758
0.22649
0.24837
0.46815
0.55716
0.43452
0.64456
0.43141
0.28357
0.34152
0.39996
2.18013
0.21242
0.24848
0.43441
0.12680
0.47501
0.33214
0.32150
0.53339
0.35988
0.11404
0.38772
0.13265
0.23214
0.30583
0.37444
0.30371
0.56871
0.31760
2.42436
0.23882
0.05473
0.30413
0.27368
1.44696
0.83286
0.60596
0.51676
0.21799
0.53054
0.32073
0.14928
0.81017
0.45775
0.38214
0.43126
0.52376
1.14438
0.48441
0.22077
0.55978
2.31745
0.59453
0.30534
0.52138
0.31018
0.32260
0.22756
0.39573
0.42125
0.34730
0.34388
0.30568
0.28738
0.56661
0.24575
0.27979
0.37004
0.22290
0.12289
0.13334
0.12028
1.97112
2.41003
0.31188
1.24760
0.37327
0.37261
0.28160
0.24706
0.41378
0.35726
0.18254
0.73611
0.42158
0.13344
0.49615
0.25472
0.16498
0.86034
0.48477
0.49607
0.51145
0.21347
0.68182
0.26275
1.21147
0.73270
0.60068
0.98298
0.92129
0.20679
0.37066
0.54691
0.13038
0.08374
0.15349
0.14984
0.19123
0.22212
0.32906
0.26898
0.57278
0.24677
0.15066
0.22118
0.22593
0.42501
0.74586
0.68865
0.21281
0.23482
0.46899
0.27188
0.29333
0.14414
0.16425
0.12558
0.54907
0.66460
0.47862
0.45843
0.32037
0.34580
0.73180
0.74543
0.44734
0.46352
0.42008
0.29035
0.25427
0.32447
0.22006
0.61411
0.35134
0.42694
0.26168
0.28861
0.24053
0.20343
0.27736
0.32676
0.27717
0.28750
0.31397
0.26792
0.35401
0.32945
0.27899
0.47050
0.48608
0.58378
0.40174
0.28243
0.24565
0.34185
0.27745
0.35907
0.40083
0.23280
0.49748
0.63628
0.26583
0.28142
0.43804
0.29903
0.26504
0.51705
0.39962
0.27563
0.19001
0.24180
0.19033
0.17498
0.22827
0.23277
0.20473
0.25903
0.27387
1.15565
0.28937
1.29468
0.41345
0.30340
0.28619
0.30429
0.35221
0.25325
0.20543
0.32358
0.20360
0.57832
0.18624
0.21242
0.35756
0.29446
0.12385
0.18633
0.21229
0.54770
0.23160
0.49023
0.27885
0.19541
0.30891
0.18288
0.34084
0.17461
0.54431
0.16997
0.22499
0.20424
0.21255
0.19245
0.37790
0.22719
0.28984
0.20501
0.15982
0.58768
0.33166
0.45115
0.66272
0.16473
0.17382
0.28976
0.28432
0.16396
0.39747
0.22049
0.21434
0.13852
0.29024
0.20366
0.32866
0.09465
0.42118
0.18462
0.16901
0.30431
0.17851
0.26993
0.26908
0.14105
0.49107
0.28934
0.31024
0.15457
0.34153
0.14602
0.68058
0.35933
0.51487
0.27255
0.30112
0.30903
0.24544
0.32391
0.26325
0.22775
0.22553
0.15867
0.40711
0.28052
0.67084
0.18669
1.09583
0.32827
0.44269
0.26192
0.29328
0.25476
0.28443
0.19385
0.28665
0.53534
0.31274
0.28230
0.24088
0.21402
0.15446
0.06894
0.10533
0.25965
0.18349
0.44912
0.13204
0.26074
0.06329
0.11954
0.49738
0.29093
0.14170
0.10264
0.24142
0.80948
0.37320
1.12811
0.81026
0.22482
0.09704
0.25083
0.14460
0.33951
0.52935
0.60939
0.64659
0.33043
0.45541
0.38653
0.26943
0.52810
0.21824
0.33042
0.26564
1.08503
0.22262
1.26788
0.28025
0.26346
0.26210
0.13925
0.30141
0.20198
0.20357
0.29918
0.20836
0.62099
0.24147
0.13901
0.23759
0.34769
0.31878
0.32925
0.23701
0.25075
0.23042
0.28625
0.34014
0.38196
0.45048
0.44185
0.39183
0.24526
0.13835
0.20668
0.19528
0.09741
0.12694
0.37909
0.46938
0.20064
0.13420
0.20139
0.26071
0.33642
0.06174
0.10928
0.15788
0.17697
0.15455
0.32104
0.37695
0.28390
0.18926
0.19178
0.07779
0.62745
0.41929
0.29614
0.10017
0.21482
0.23581
0.11661
0.31414
0.29876
0.10869
0.07490
0.10685
0.21834
0.22853
0.23849
0.44601
0.25867
0.47957
0.20291
0.15692
0.13457
0.30273
0.50472
0.30906
0.10776
0.17370
0.18486
0.05181
0.33278
0.11100
0.46251
0.37985
0.45448
0.25564
0.14236
0.25822
0.13331
0.26122
0.29209
0.49837
0.06510
0.18618
0.17753
0.02043
0.23873
0.23000
0.37121
0.14086
0.16488
0.31979
0.22576
0.16620
0.14375
0.18045
0.33618
0.09217
0.24535
0.57723
0.17306
0.25609
0.25747
0.49036
1.77753
0.77447
0.50619
0.28398
0.19742
0.22555
0.48497
0.33026
0.12006
0.12134
0.10693
0.18088
0.22582
2.04947
0.44089
1.09410
0.34321
0.16119
0.39438
0.48628
0.66115
1.38001
0.47479
0.14872
0.34047
0.22550
0.13763
0.47236
0.26749
0.37768
0.24413
0.20632
0.16797
0.33592
0.46682
0.18492
0.44473
0.50124
0.21641
0.10892
0.55045
1.03807
0.50821
0.40483
0.25626
0.44402
0.37950
0.37343
0.23924
0.26693
0.21771
0.35917
0.43979
0.24990
0.21100
0.21684
0.12747
0.07210
0.46314
0.32663
0.53927
0.20231
0.27801
0.21093
0.42561
0.44168
0.27216
0.35756
0.11638
0.31244
0.17570
0.06324
0.45948
0.17167
0.33807
0.12507
0.23363
0.26044
0.09593
0.11529
0.22215
0.29717
0.16177
0.15932
0.04628
1.04730
0.02319
0.12721
0.71400
0.63155
0.11475
0.10749
0.23828
0.33605
1.69288
0.88870
0.17928
0.14365
0.21009
0.25522
0.07219
0.07148
0.04632
1.70920
0.30072
0.32074
0.08065
0.06563
0.33966
0.11696
0.16775
0.32538
0.20135
0.20251
0.20107
0.23519
0.35925
0.99104
1.28993
0.55835
0.13621
0.72291
1.20901
0.36805
0.68155
0.57285
0.35097
0.29641
0.29527
0.94088
0.81559
0.19129
0.12874
0.30816
0.18421
0.28100
0.65210
0.17728
0.20711
0.30868
0.45392
0.13945
0.20315
0.11008
0.43938
0.14948
0.22144
0.25006
0.12946
0.09985
0.12846
0.01331
0.04440
0.37216
0.35840
0.05301
0.12274
1.66470
0.44353
0.15686
0.45102
0.13583
0.26915
0.21307
0.15101
0.17173
0.06153
0.04615
0.14034
0.61512
0.05017
0.36533
0.27650
0.25347
0.17957
0.06837
0.10614
0.06947
0.74501
0.42756
1.40058
0.02694
0.35161
0.17414
0.09162
0.21111
0.19433
0.28103
0.20708
0.21935
0.06093
0.41802
0.18288
0.08073
0.27963
0.06253
0.25858
0.22547
0.17913
0.13342
0.37714
0.06393
0.08574
0.26554
0.13756
0.02327
0.08117
0.07544
0.18969
0.10173
0.96670
0.37542
0.07460
0.03171
0.04015
0.73016
0.24769
0.44908
0.14858
0.19727
0.05763
0.09631
0.21586
0.10675
0.16589
0.29763
0.20494
0.37894
0.24936
0.04881
0.10095
0.06284
0.23445
0.03254
0.16137
0.07888
0.10871
0.32569
0.12708
0.15886
0.68008
0.12514
0.11837
0.14244
0.02800
0.01406
0.56342
0.41649
0.39665
0.10414
0.17508
0.09843
0.23783
0.39466
0.25786
0.12647
0.16374
0.05262
0.09626
0.33538
0.26509
0.24219
0.16626
0.07273
0.18039
0.20527
0.02342
0.06735
0.17302
0.53126
0.52142
0.08082
0.40595
0.11461
0.05743
0.20840
0.07930
0.04958
0.05707
0.35760
0.03882
0.06909
0.00371
0.18097
0.37816
0.32959
0.28710
0.19329
0.14134
0.00484
0.29730
0.06150
0.16595
0.01223
0.04996
0.13759
0.19700
0.06987
0.46532
0.36257
0.29193
0.12177
0.11301
0.05378
0.12581
0.12542
0.04167
0.05839
0.08365
0.02275
0.03779
0.05036
0.16059
0.01568
0.14559
0.15438
0.48456
0.34665
0.27634
0.66007
0.82541
0.22823
0.03026
0.51437
0.38596
0.08798
0.34006
0.14840
1.32255
0.37200
1.41042
0.22458
0.19334
0.17143
0.11973
0.14430
0.16522
0.79497
0.05343
0.01810
0.18566
0.39012
0.09060
0.15724
0.46446
0.28418
0.66944
0.10448
0.29839
0.27724
0.37101
0.87237
0.06480
0.45336
0.08203
0.12302
0.41778
0.13977
0.30976
0.24873
0.18245
0.10183
0.46070
0.12689
0.17763
0.15646
0.02712
0.17555
0.07064
0.11214
0.54416
0.22108
0.21225
0.15886
0.25585
0.30759
0.39458
0.13011
0.12904
0.43290
0.33717
0.64235
0.18218
0.09537
0.08422
0.02487
0.08583
0.42214
0.31796
0.46350
0.17008
0.13133
0.04841
0.29112
0.78094
0.54363
0.12265
0.07133
0.03641
0.16691
0.42375
0.06143
1.28090
0.27925
0.16044
0.07749
0.09641
0.13119
0.93786
0.26905
0.10462
0.10151
0.00972
0.20149
0.10219
0.16054
0.03970
0.22784
0.03652
0.13729
0.21219
0.33332
0.18825
0.12456
0.06210
0.44325
0.25413
0.07012
0.02980
0.04897
0.15518
0.09464
0.11474
0.01329
0.05979
0.78732
0.01839
0.35238
0.45850
0.36993
0.12033
0.01402
0.70533
0.02607
0.04668
0.68016
0.06009
0.14785
0.03487
0.92159
0.05152
0.38435
0.06996
0.40209
0.54138
0.17837
0.14827
0.54807
0.16041
0.12380
0.07971
0.11713
0.26488
0.15745
0.08158
0.57799
0.13921
0.11148
0.36454
0.35808
0.06182
0.06089
0.53876
0.18239
0.45900
0.18399
0.07895
0.15954
0.02876
0.10352
0.03465
0.15299
0.02768
0.08447
0.05784
0.12660
0.27404
0.30745
0.33458
0.14943
0.57602
0.41614
0.14216
0.41003
0.04995
0.27198
0.00386
1.24866
0.30807
0.37589
0.90294
0.03984
0.08282
0.14616
0.22213
0.24269
0.20632
0.14379
0.05714
0.26474
0.11661
0.04264
1.07804
0.17450
0.15393
0.16264
6.16004
0.12341
0.06995
0.02324
0.18254
0.34856
0.28234
0.15939
0.11816
0.02952
0.44185
0.08035
0.87129
0.09282
0.06736
0.33955
0.01572
0.09580
0.08580
0.19896
0.00186
0.22742
0.03158
3.96589
0.31529
0.41659
0.18117
1.75042
0.81892
0.22880
0.01133
0.08677
0.33353
0.04103
0.03244
0.92656
0.16312
0.31647
0.01969
0.25418
0.55006
0.52005
0.07714
0.13748
0.51783
0.18665
0.66465
1.09306
0.37416
0.13640
0.20325
2.17158
1.12823
0.10011
0.16555
0.90191
0.17291
0.41585
3.25290
0.46744
0.11247
1.41099
2.24129
0.42543
0.52244
0.42328
0.08804
1.87755
0.51057
0.19528
0.93719
0.30377
0.90356
0.45574
0.33966
0.17242
0.16873
0.61433
0.25082
0.50058
3.05026
0.57403
0.30522
0.08931
0.16138
0.33739
0.29127
0.16517
0.34097
0.23535
0.25483
0.15598
0.61223
0.15621
0.14632
0.15225
0.23372
0.16204
0.39571
0.21263
0.14893
0.50261
0.38519
0.08126
0.11253
0.32801
0.16449
0.20504
0.19172
0.36047
1.32382
0.46776
0.17333
1.59222
0.71842
0.45560
0.84309
0.84431
0.22808
0.02850
0.75628
0.44289
0.19737
0.61572
0.02785
0.03139
0.05107
0.16454
0.75820
0.51242
0.29621
0.05808
0.11768
0.12336
0.15976
0.20213
0.52261
1.15730
0.03228
0.31466
0.22803
0.26684
0.63050
0.94436
0.09879
0.19967
0.28467
0.28151
0.21460
0.12192
0.16079
0.28923
0.04216
0.15720
0.24876
0.37109
0.16857
0.56688
0.00243
0.61749
0.17702
0.05779
0.17881
0.15325
0.07059
0.02205
0.57479
0.08516
0.35291
0.06253
0.53122
0.05528
0.35678
0.00969
0.16776
0.28329
1.07526
0.38382
0.22299
0.02934
1.03289
0.16693
0.29019
0.00014
0.22653
0.27438
0.05495
0.00107
0.18441
0.00077
0.09431
0.02098
0.81350
0.00399
0.20724
0.32358
0.04616
0.06286
0.13960
0.31326
0.14907
0.09359
0.01704
0.12190
0.04902
0.78681
0.28298
0.41464
0.05913
0.05736
0.19681
0.15075
0.63326
0.03262
1.08023
0.36817
0.10727
0.18979
0.11283
0.14697
0.10474
0.09794
0.14398
0.01339
0.27349
0.09317
0.05208
0.56808
0.24597
0.10430
0.00162
0.09151
2.23310
0.02661
0.03515
0.02778
0.08940
0.07795
0.15976
0.17979
0.20217
0.52739
0.58388
0.22079
1.89652
0.19203
0.06855
0.08048
1.13550
0.17356
0.37585
0.19686
0.12871
0.05142
0.28953
0.03374
0.54251
0.14874
0.07753
0.05280
0.05166
0.21039
0.00996
0.06228
0.00465
0.51200
0.04345
0.11929
0.10946
0.09526
0.42356
0.19736
0.96375
0.25521
0.20679
0.00081
0.16231
0.05477
0.01417
0.40043
0.26048
0.03531
0.01174
0.38536
0.48379
0.07296
0.07538
0.04617
0.02042
0.20420
0.00265
0.14731
0.19146
0.12171
0.03916
0.05135
0.19088
0.00881
0.37440
0.42480
0.15094
0.39127
0.00609
0.01180
0.00510
0.09945
0.42677
0.00211
0.27534
1.18021
0.00055
0.21284
0.34701
1.35783
0.06696
0.07275
0.08403
0.02672
0.00428
0.30541
0.02809
0.03717
0.07929
0.13159
0.02447
0.44119
0.19886
0.14223
0.03368
0.24131
0.20979
0.03897
0.18128
0.02570
0.10070
0.07180
0.00093
0.34099
0.68595
0.30226
0.30845
0.20299
0.10182
0.03633
0.12545
0.11199
0.03100
0.01353
0.02361
0.10010
0.25465
0.16358
0.04863
0.74013
0.02127
1.34076
0.03011
0.05324
0.18360
0.00539
0.05978
0.44846
0.09772
1.25423
0.11029
0.35536
0.20824
0.60632
0.01709
0.00065
0.05402
0.04040
0.17835
0.01033
0.08060
0.02392
0.04385
0.19288
0.58331
0.13014
0.17276
0.18654
0.06225
0.00099
0.06896
2.02572
0.00169
0.15444
0.19078
0.82613
0.23617
0.11790
0.14270
0.38814
0.16284
0.06419
0.32532
0.74893
0.14359
0.41335
0.00536
0.36133
0.02526
0.01104
1.08536
0.00004
1.19278
0.36337
0.57649
0.13069
0.09209
0.03269
0.00108
0.39895
0.00195
0.03802
0.10573
0.06265
0.00011
0.35945
0.09556
0.08348
0.53535
0.39787
0.04882
0.02115
0.56911
0.13692
0.01923
0.03814
0.05039
0.17284
0.78517
0.05831
0.01914
0.05640
0.00357
0.34602
0.00396
0.04208
0.01599
0.11142
0.15750
0.11309
0.24660
0.24102
0.18751
0.06874
0.19853
0.11917
0.02475
0.28725
0.02931
0.23578
0.06744
0.09724
0.19436
0.05904
0.49426
0.07631
0.09189
0.35333
1.02381
0.07768
0.16726
0.01438
0.23865
0.01275
0.09251
0.16707
0.00202
0.58479
0.18376
0.17274
0.22694
0.08119
0.00221
0.06094
0.03720
0.21771
0.01167
0.17255
0.07311
0.00231
0.01453
0.25195
0.01124
0.01030
0.06423
0.00742
0.41582
0.15306
0.00441
0.00347
0.03453
0.86460
0.26490
0.03041
0.15538
0.34490
0.03022
0.97592
0.03542
0.20639
0.16811
0.14597
0.01534
0.05782
0.02051
0.04706
0.04945
0.03879
0.09378
0.00444
0.04247
0.24099
0.32742
0.01908
0.05829
0.62320
0.12002
0.21141
0.00181
0.20082
0.17144
0.15865
0.60278
0.04982
0.00530
0.26960
0.32905
0.26113
0.49933
0.15487
0.05258
0.18556
0.01889
0.25845
0.14347
0.14950
0.30904
0.08175
0.03876
0.07287
0.12099
0.01764
0.02836
0.01162
0.03401
0.02354
0.22175
0.01949
0.17220
0.22449
0.22082
0.09425
0.82054
0.07160
0.06484
0.06608
0.01139
0.00393
0.02592
0.03398
1.31406
0.07876
0.00351
0.03908
0.47424
0.31961
0.51516
0.80901
0.01377
0.23399
0.08277
0.11090
0.00110
1.19732
0.11391
0.00632
0.00642
0.00355
0.00042
0.03583
0.37391
0.11928
0.28898
0.15368
0.00597
0.20157
0.74069
0.33012
0.38234
0.02223
0.00370
0.34604
0.07676
0.07524
0.36731
0.10884
0.01676
0.23964
0.08155
0.03247
0.25242
0.28535
0.11920
0.17798
0.00498
0.00930
0.04475
0.01222
0.08376
0.37743
0.01688
0.15626
0.00709
0.03811
0.02547
0.04750
0.39923
0.51392
0.00544
0.00281
0.27246
0.01383
0.06490
0.02997
0.24348
0.05347
0.55286
0.03694
0.10367
0.01030
1.55777
0.06074
0.02502
0.32414
0.00223
0.00800
0.00982
0.19610
0.00820
0.20581
0.00163
0.00000
0.09376
0.02242
0.06787
0.05851
0.00202
0.34413
0.17437
0.05542
0.00335
0.21104
0.09426
0.01248
0.05610
0.01609
0.15508
0.07665
0.01779
0.00013
0.33306
0.25704
0.16906
0.00603
0.00461
0.00824
0.18400
0.07425
0.17368
0.92224
0.02323
0.05681
0.06671
0.00042
0.03042
0.02786
0.81763
0.00257
0.09916
0.28674
0.07289
0.13932
0.22103
0.18151
0.12068
0.00290
0.04755
0.71151
0.00243
0.01232
0.05192
0.03726
0.00092
0.24983
0.18168
0.05096
0.00430
0.30250
0.00871
0.20050
0.10798
1.19407
0.13042
0.04847
0.18043
0.07632
0.07780
0.01531
0.00280
0.00087
0.07875
0.04604
0.02921
0.01010
0.02733
0.05605
0.17305
0.06905
0.00063
0.70160
0.00357
0.01358
0.01568
0.00225
0.22520
0.33536
0.26428
0.17690
0.10578
0.04484
0.02263
3.38818
0.15944
0.10253
0.01625
0.13589
0.07561
0.01017
0.18197
0.59765
0.32484
0.05337
0.07997
0.01080
0.01304
0.03888
0.03389
0.55989
0.08260
0.13182
0.14566
0.03337
0.54175
0.00424
0.05741
0.29907
0.06251
0.01316
0.24997
0.31318
0.00463
0.11542
0.16769
0.00223
0.02024
0.01231
0.56033
0.11315
0.58160
0.00686
0.05905
0.19185
0.08926
0.06954
0.03898
0.03531
0.02206
0.00293
0.00073
0.14924
0.05304
0.01197
0.01369
0.01484
0.01436
0.01379
0.00275
0.54508
0.18520
0.07884
0.00372
0.29377
0.08393
0.00073
0.05551
0.00003
0.03452
0.09454
0.00193
0.00225
0.04903
0.26429
0.26094
0.16070
0.00664
0.08284
0.01144
0.33739
0.12319
0.11698
0.00004
0.20854
0.96820
0.01908
1.18268
0.12768
0.04436
0.02215
0.00109
0.15877
0.00035
0.03422
0.09885
1.77481
0.32468
0.09467
0.41668
0.58433
0.03578
0.11727
0.03567
0.05120
0.07491
0.45509
0.26640
0.03473
0.24428
0.01484
1.65112
0.52305
0.06474
0.00467
0.03316
0.01854
0.43355
0.18540
0.00024
0.00681
0.00470
0.16155
0.11909
0.02556
0.00203
0.14323
0.06826
0.00263
0.02167
0.02311
0.30495
0.02001
0.00154
0.23421
0.31295
0.06005
0.03299
0.02637
0.00888
0.00222
0.00812
0.01926
0.00880
0.00001
0.00556
0.00227
0.01310
0.05675
0.00006
0.00000
0.00000
0.00048
0.00014
0.74115
0.13715
0.63791
0.03719
0.00158
1.11610
0.00049
0.07025
0.34373
0.00041
1.95917
0.00000
1.40511
0.08389
0.16889
0.92445
0.11906
0.05865
0.44664
0.00647
0.00013
0.86151
0.44371
0.08100
0.15966
0.03672
0.00001
0.00000
0.31033
0.53070
0.60332
0.09491
0.03051
0.00210
0.84871
0.29858
0.61659
0.00070
0.00224
0.01337
6.67816
1.34993
0.16476
1.34018
1.92146
0.02072
1.05617
0.15063
1.39138
0.56373
0.02098
0.78809
0.37768
0.20465
0.40538
0.50751
1.03074
0.00142
0.67872
0.37371
0.02016
0.01025
0.09721
0.25219
0.62074
0.02460
0.00704
0.21962
0.03513
0.05087
0.39408
0.28596
0.15095
0.18321
0.02710
0.06871
0.07541
0.00111
0.11671
0.00282
0.08183
0.23426
0.59653
0.18871
0.10640
0.22788
0.00934
0.00145
0.03499
0.02023
0.73621
0.07771
0.12534
0.31625
0.10067
0.00675
0.06902
0.39122
0.05199
0.02955
0.17269
0.05179
0.56926
0.03989
0.08093
0.01238
0.00652
0.04282
0.01461
0.00607
0.07339
0.01692
0.29927
0.14158
0.41664
0.58575
0.09968
0.00015
0.00703
0.48075
0.11564
0.12627
0.58937
0.00377
0.04794
0.32485
0.42707
0.02085
0.00209
1.13983
0.50006
0.00261
0.24038
0.01754
0.03219
0.00965
0.06085
0.00442
0.11106
0.35170
0.53149
0.11055
0.23962
0.04588
0.12197
0.00107
0.01375
0.08580
0.20350
0.15348
0.29192
0.08907
0.15423
0.00628
0.00646
0.24646
0.00001
0.02207
0.01813
0.15876
0.01190
0.01618
0.04407
0.52886
0.03950
0.02414
0.56490
0.00532
1.86078
0.08609
0.00121
0.01299
0.12020
0.01280
0.29656
0.29012
0.42560
0.40164
0.02402
0.36152
0.00169
0.14376
0.49353
0.99545
0.04599
0.24741
0.14187
0.04036
1.88607
0.02939
0.01111
0.12989
0.39975
0.49792
0.01250
0.02902
4.46005
0.11013
0.40401
1.10983
0.12596
0.02234
0.00467
0.27878
0.54365
0.04873
0.00030
1.78793
0.43235
0.05870
0.00967
0.00498
0.05249
0.19861
0.45234
0.58976
0.18354
0.00497
0.00342
0.00431
0.32124
0.03696
0.02524
0.02069
0.03689
0.00037
1.10843
0.09441
0.00384
0.02722
0.02747
0.10501
0.08660
0.00092
0.01011
0.00781
0.03802
0.06886
0.24482
0.78909
0.37599
0.03086
0.03050
0.01099
0.79414
0.20280
0.00331
0.00064
0.29805
2.90403
0.53687
1.12296
0.08993
0.13126
0.58620
0.48169
0.76902
0.01792
0.39364
0.00011
0.00944
0.19522
0.62390
0.05032
0.00950
0.01784
0.06136
0.30665
0.94993
0.00065
0.31222
0.01420
1.21729
0.00580
0.10992
0.06645
0.39065
0.11227
0.07725
0.13241
0.06040
0.02939
0.00020
0.36359
0.03957
0.52724
0.02173
0.01218
0.04016
0.51864
0.00841
0.00450
0.01309
0.05347
0.00807
0.11309
0.18234
0.92185
0.00944
0.00059
0.00007
0.03799
0.00605
0.03616
0.00784
0.02662
0.26027
1.28287
0.04324
0.26381
0.00001
0.00042
0.00100
0.47450
0.61051
0.25148
0.41689
0.37936
4.00624
0.00461
0.00010
0.00697
0.00114
0.18186
0.05386
0.24706
1.22185
0.65783
0.00003
0.00776
0.00003
0.00468
0.04697
0.05484
0.08084
0.16407
0.56451
0.01865
0.32597
0.00681
0.38785
0.00866
0.93913
0.00083
0.00572
0.00931
0.01019
0.27101
0.02756
0.00104
0.03099
0.00013
0.03148
0.38433
0.00006
0.00030
0.27388
0.18814
0.01267
0.00892
0.00314
0.00205
0.18149
0.00607
0.06508
0.01386
0.50296
0.00356
0.00138
0.27506
0.00569
0.06671
0.00025
0.00069
0.00621
0.00691
0.00060
0.00017
0.00165
0.00587
0.00136
0.00357
0.08647
0.04709
0.05516
0.00019
0.00018
0.02516
0.00010
0.15855
0.03731
0.00078
0.00057
0.03380
0.18739
1.83839
0.09384
0.05563
0.05682
0.74040
0.01465
0.01248
0.71948
0.00295
0.05200
0.01996
0.00826
10.39023
0.10087
0.06545
0.12775
0.00607
0.04796
0.75158
0.27769
0.03462
0.17707
0.90027
0.17130
0.01763
0.23448
0.00000
1.94337
0.33912
0.07726
0.07035
0.01814
0.00061
0.23482
0.26352
0.69541
0.00015
0.00018
0.01842
0.17827
0.00045
0.15276
0.00278
0.05713
0.02332
0.00968
0.02414
0.29801
0.20239
0.10292
0.00009
0.16971
0.04149
0.02512
0.04456
0.63439
0.18294
0.32058
0.02279
0.17889
1.52655
0.00107
0.01538
0.00074
0.14348
0.07819
0.05309
0.00669
0.00465
0.02921
0.15320
0.39980
0.00046
0.00113
0.04326
0.01016
0.06095
0.00626
0.00367
0.00153
0.02132
0.02335
0.00056
0.00620
0.09420
0.00158
0.00582
0.21147
0.11058
0.01706
0.67605
0.00245
0.00205
0.24668
0.09070
0.27828
0.12292
0.04862
0.08898
0.36120
0.21802
0.00614
0.00315
0.00759
0.00010
0.12697
0.22974
0.03430
1.06088
0.69637
0.08788
0.25835
0.00115
0.00046
0.72074
0.06237
0.00021
0.00357
0.00057
0.14712
0.00142
0.00115
0.02797
0.00078
0.00222
0.08557
0.00270
0.00801
0.02078
0.11598
0.16414
0.00006
0.01905
0.00060
0.02752
0.15466
0.67906
0.63805
0.03004
0.00409
0.00077
0.99166
0.00474
0.18552
0.01763
0.08735
0.02425
0.06085
0.02801
0.00082
0.14640
0.00011
0.00240
0.00777
0.01270
0.00004
0.00025
0.00918
0.21907
0.00076
0.00091
0.00103
0.00000
0.00070
0.00349
0.04895
0.00008
0.00000
0.00279
0.00131
0.00055
0.04292
0.26615
0.00000
0.01218
0.00098
0.00876
0.00061
0.01893
1.43691
0.00000
0.00000
0.01519
0.00056
0.28578
0.04674
0.00003
0.00105
0.00099
0.08865
0.67545
0.11432
0.00001
0.00032
0.03898
0.09419
0.00260
0.00178
0.02187
0.00907
0.17593
0.00202
0.00028
0.00001
0.00022
0.00000
0.02898
0.00373
0.00030
0.16742
0.00068
0.00094
0.24729
0.00082
0.00044
0.00729
0.00000
0.00001
0.01913
0.00302
0.01792
0.02806
0.00000
0.00082
0.00005
0.00030
0.00010
0.00006
0.00000
0.00013
0.00503
0.00000
0.00000
0.03917
0.04831
0.00006
0.01048
0.00142
0.47335
0.00002
0.02882
0.01702
0.00013
0.00012
0.00001
0.00016
0.01309
0.17268
0.07071
0.23001
0.29858
0.49858
0.24267
0.00014
1.59460
0.01035
0.07959
0.00009
0.00075
0.72006
0.12942
0.33918
0.19440
0.47001
0.09179
0.03558
0.04007
0.17600
0.01329
0.01949
0.37110
0.00081
0.00091
0.13730
0.00376
0.01341
0.02978
0.00105
0.00579
0.00141
0.08923
0.00909
0.00001
0.03695
0.00008
0.00036
0.01278
0.31191
0.44748
0.08049
0.09633
0.06929
0.57270
0.02217
0.27656
0.23891
0.01224
0.00000
0.24175
0.00116
0.00642
0.61285
0.00001
0.00523
0.00000
0.00273
0.00990
0.00000
0.00231
0.03837
0.29250
0.00041
1.04234
0.18316
0.00018
0.02031
0.28316
0.00150
0.00009
0.77820
1.03302
0.00002
0.02686
0.06611
0.00103
0.00156
0.00002
0.00636
0.04388
0.05840
0.01939
0.00988
0.24035
0.21060
0.15174
0.00286
0.02332
0.00882
0.09100
0.00153
0.00543
0.00025
0.37655
0.00002
0.00006
0.10275
0.08024
0.02366
0.00148
0.27884
0.00266
0.00770
0.00010
0.05763
0.38083
0.12179
0.01420
0.00862
0.01686
0.00254
0.00060
0.56319
0.14572
0.00122
0.00013
0.01740
0.03711
0.13032
0.00606
0.25876
0.00628
0.00535
0.00442
0.74284
0.27369
0.00373
0.00509
0.11967
0.00057
0.00012
1.43925
0.00291
0.00077
0.05157
0.06913
0.01658
0.25775
0.00081
0.00053
0.00164
0.18414
0.00110
0.00876
0.00000
0.00003
0.09943
0.04853
1.20293
0.00373
1.32411
0.08432
0.00834
0.00010
0.14731
0.52297
0.42898
0.08420
0.00113
0.12093
0.01846
4.31063
0.00000
0.23661
0.06303
0.12649
0.16355
0.15079
0.54024
0.00376
1.16866
1.04023
0.26652
0.01237
0.80550
0.22755
0.00113
0.00372
0.00295
0.44676
0.05075
1.52191
2.26017
0.04327
0.03128
0.00360
0.03046
0.00163
0.02944
0.13171
0.01293
0.00939
0.01238
0.11045
0.67578
0.50308
0.09780
0.35631
0.01327
0.01673
0.20765
0.00005
0.55668
0.00026
0.24489
0.00000
0.00066
1.36430
1.11518
0.00071
0.43782
0.47316
0.26575
0.23912
1.01031
0.10729
0.00064
0.00688
0.24084
0.12159
0.00534
0.04206
0.55544
0.08511
0.11285
0.38013
0.00298
0.07395
0.02067
0.09008
0.00966
0.25615
0.07106
0.11021
0.01185
0.00365
1.04471
0.00063
0.28952
0.17534
0.00291
0.65077
0.95757
0.03370
0.00002
0.00511
0.01607
0.12983
0.06447
4.30214
0.01896
0.08948
0.00004
0.00043
0.30999
0.00010
0.01599
0.00012
0.29111
2.64470
0.08099
0.06170
0.07476
0.17367
0.00013
0.34830
1.32520
0.15744
0.02727
0.25758
0.41275
0.62071
0.18369
0.79166
0.33162
0.27470
0.12323
1.10491
0.55937
0.00199
0.00656
0.00012
0.45315
0.03414
0.12738
0.06663
0.06667
0.03744
0.00063
0.00096
1.35633
0.48596
0.00003
0.00004
0.00164
0.49745
0.01748
0.00004
0.00013
0.00000
1.25100
0.00000
0.00935
0.00297
0.03055
0.00002
0.26620
0.19528
0.17774
0.00027
0.00004
0.30000
0.19070
0.06303
0.00064
0.17784
0.32112
0.46137
0.00197
0.00376
0.02475
0.07325
0.12770
0.36805
0.00206
0.00229
0.00151
0.00000
3.20403
0.02235
0.00050
0.36552
0.00006
0.17315
0.02209
1.40206
0.84023
0.01372
0.00224
0.20974
0.02307
0.03224
1.61224
0.02756
0.12061
0.14143
0.26099
0.93347
0.00107
0.98936
0.20107
0.02957
1.03398
0.67983
0.00855
0.00187
0.03854
0.05552
0.00773
0.27012
0.00327
0.01520
2.15243
0.00013
0.01666
0.02115
0.14763
0.03770
0.00142
0.00423
0.02519
0.38082
0.02542
0.12255
0.12845
0.08944
0.51923
0.10196
0.01041
0.00626
0.22397
0.04065
0.79658
0.01418
0.03461
0.06676
0.43291
0.31587
0.16523
0.78457
0.00438
0.00273
0.12755
0.10793
0.09181
0.00073
0.08156
0.00960
0.00287
0.00572
0.00442
0.01576
0.10129
0.00127
0.23338
0.00017
0.07969
0.00031
0.04236
0.00422
0.27290
0.03722
0.00433
0.01669
0.04163
0.13684
0.08025
0.00636
0.05453
0.00026
0.00160
0.03583
0.01659
0.20752
0.00050
0.36501
0.00041
0.04910
0.00185
0.04683
0.18377
0.00508
0.00105
0.00798
0.03525
0.01361
0.02078
0.08932
0.01544
0.44665
0.05455
0.05812
0.00725
0.05665
0.46422
0.00110
0.00018
0.00512
0.00007
0.02038
0.14486
0.00010
0.10344
0.03521
0.00229
0.06826
0.08833
0.00008
0.01675
0.00112
0.05782
0.01291
0.00115
0.00339
0.00021
0.09871
0.00040
0.02419
0.06640
0.00095
0.00627
0.03577
0.00845
0.13232
0.01265
0.03830
0.01299
0.01387
0.21705
0.00043
0.00772
0.79947
0.05629
0.02674
0.01195
0.00274
0.00019
0.00571
0.01469
0.00037
0.00062
0.00459
0.00221
0.00218
0.01297
0.00233
0.00000
0.00723
0.00847
0.00002
0.02040
0.00078
0.05217
0.00070
0.12766
0.04483
0.01692
0.00295
0.00000
0.00000
0.10404
0.07279
0.00059
0.10017
0.00000
0.00339
0.01831
0.01275
0.00255
0.04796
0.10953
0.00000
0.00078
0.04082
0.00002
0.00146
0.00001
0.19728
0.43361
0.08065
0.00102
0.00001
0.07216
0.21554
0.00024
0.00002
0.00000
0.00000
0.03724
0.00000
0.00000
0.00000
0.05123
0.00209
0.00005
0.06596
0.00008
0.02048
0.00772
0.01113
0.07076
0.00000
0.00009
0.00088
0.01911
0.00001
0.00005
0.00000
0.00002
0.02149
0.00023
0.00000
0.00001
0.04160
0.00135
0.00615
0.00260
0.25301
0.00627
0.66149
0.00054
0.00010
0.50230
0.00005
0.00000
0.00136
0.00011
0.00000
0.00009
1.24052
0.43355
0.00265
0.18487
0.00064
0.11736
0.09667
0.86809
0.25825
0.35441
0.03857
0.00007
0.00002
0.00000
0.00006
0.00000
0.00136
0.00001
0.00014
0.00001
0.01311
0.00643
0.00038
0.01401
0.47171
0.00004
0.00000
0.00471
0.00121
0.00000
0.00219
0.04891
0.00392
0.00001
0.00002
0.51117
0.00002
0.00952
0.00000
0.00035
0.04984
0.00010
0.56042
0.00001
0.00000
0.00001
0.00112
0.30263
0.00050
0.00467
0.00000
0.00004
0.00000
0.00000
0.00001
0.00001
0.00104
0.00031
0.98676
0.00226
0.00064
0.00073
0.01657
0.36095
0.00029
0.00000
0.00004
0.08925
0.00001
0.00001
0.00170
0.01246
0.00594
0.13093
0.13770
0.04396
0.00025
0.02609
0.00005
0.00000
0.05660
0.02837
0.10114
0.09226
0.00000
0.00055
0.00038
0.04000
0.05343
0.00459
0.00197
0.02731
0.05441
0.00049
0.02137
0.01177
0.00694
0.00001
0.00056
0.00002
0.00114
0.09969
0.00066
0.84113
0.12751
0.00573
0.00096
0.00258
0.04329
0.00000
0.02031
0.04045
0.22421
0.39615
0.10826
0.34213
0.32712
0.00361
0.01137
0.00266
0.00007
0.00031
0.00000
0.00727
0.00018
0.02661
0.00061
0.04281
0.00005
0.00000
0.00774
0.04283
0.02329
0.00021
0.00024
0.00000
0.00079
0.00085
0.00028
0.00063
0.00006
0.02304
0.00215
0.00066
0.00000
0.00013
0.00784
0.02329
0.02055
0.00000
0.00000
0.00119
0.01827
0.02848
0.00031
0.00002
0.00001
0.00006
0.00756
0.00000
0.00044
0.57016
0.00021
0.00061
0.00964
0.00110
0.00103
0.00062
0.00000
0.00000
0.00000
0.00645
0.00094
2.66380
0.00024
0.00002
0.00655
0.01987
0.00002
0.06341
0.00030
0.00005
0.00008
1.13233
0.00345
0.11924
0.50270
0.00072
0.00040
0.00526
0.00026
0.26047
0.01577
0.70069
0.05103
0.04519
0.03281
0.00004
0.00161
0.00001
0.00106
0.00001
0.00975
0.03373
0.00064
0.00225
0.26817
0.07473
0.00171
0.02163
0.00011
0.07384
0.00109
0.00017
0.00007
0.00025
0.00147
0.00263
0.08333
0.00007
0.01513
0.00022
0.00000
0.00238
0.04873
0.00002
0.00118
0.00002
0.00066
0.00010
0.00000
0.00000
0.00000
0.00000
0.00948
0.00488
0.00003
0.00028
0.00004
0.00004
0.00054
0.00001
0.04347
0.00037
0.08636
0.00018
0.00000
0.00001
0.00966
0.00006
0.00019
0.13448
0.48427
0.00000
0.01104
0.00218
0.00933
0.00033
0.00633
0.00000
0.00005
0.00004
0.01392
0.00033
0.00011
0.33748
0.04252
0.00000
2.91060
0.00016
0.00001
0.00107
0.00310
0.01645
0.04720
0.00537
0.99313
0.01498
0.00084
0.00021
0.00001
0.01006
0.00001
0.00014
0.00001
0.00008
0.00158
0.00110
0.10227
0.02491
0.00262
0.00179
0.00002
0.00020
0.00000
0.15452
0.01286
0.02110
0.34858
0.00007
0.00202
0.00000
0.10687
0.01734
0.11451
0.16638
0.04681
0.01976
0.11841
0.13079
0.00029
0.03169
0.08551
0.18204
0.00464
0.00006
0.00241
0.00003
0.01536
0.03084
0.00160
0.00029
0.01706
0.23348
0.00154
0.00686
0.00000
0.00063
0.05291
1.74391
0.00235
0.00005
0.00233
0.06807
0.01078
0.00001
0.01241
0.00023
0.04952
0.01373
0.13803
0.04412
0.71886
0.22829
0.00333
0.00031
0.00004
0.00000
0.00146
0.00000
0.00004
0.00004
0.00358
0.12433
0.04672
0.07781
0.00732
0.00119
0.03624
0.00013
0.00000
0.00016
0.00360
0.00009
0.00000
0.20573
0.07064
0.00152
0.23788
0.00000
0.00000
0.00027
0.00584
0.00180
0.00663
0.00156
0.00130
0.00066
0.00174
0.00001
0.42376
0.00000
0.00000
0.07996
0.00015
0.00016
0.00817
0.00000
0.00000
0.00016
0.00007
0.19475
0.00006
0.00004
0.08429
0.00210
0.00439
0.36419
0.00051
0.05651
0.00008
0.01532
0.01444
0.02300
0.02578
0.07279
0.20229
0.00037
0.01375
0.00004
0.04131
0.00223
0.00147
0.00569
0.41529
0.00905
0.00025
0.00387
0.06407
0.00012
0.27701
0.19548
0.38385
1.27963
0.03699
0.00007
0.00074
0.10414
0.00003
0.00656
0.00163
0.02249
1.38422
0.01665
0.00467
0.04837
0.00000
0.12585
0.66102
0.03833
0.00016
0.00017
0.00042
0.00001
0.66202
0.00023
0.00000
0.15508
0.07577
0.03339
0.00846
0.05362
0.00445
0.00691
0.00838
0.00002
0.00135
0.00004
0.00686
0.01885
0.00499
0.00121
0.07503
0.00018
0.01838
0.00000
0.00025
0.15249
0.00006
0.00029
0.00705
0.00554
0.06566
0.03440
0.00198
0.01361
0.03327
0.00213
0.00068
0.42853
0.01025
0.02321
0.00000
0.00000
0.16528
0.00391
0.00001
0.00000
0.00002
0.00000
0.80443
