29.28668
10.64590
8.78900
6.20214
4.39107
2.83828
2.30319
2.25449
1.81082
1.33401
1.25773
1.02412
0.98450
0.98441
0.91265
0.91052
0.86177
0.85030
0.77959
0.76615
0.89070
0.70237
0.77670
0.69819
0.70808
0.69977
0.64989
0.67760
0.71615
0.65178
0.61206
0.63683
0.62486
0.67581
0.62200
0.61472
0.61661
0.66351
0.62912
0.59456
0.55900
0.53156
0.54620
0.50307
0.54481
0.52959
0.58820
0.52854
0.47710
0.48168
0.49661
0.46789
0.46861
0.41528
0.43508
0.39272
0.37005
0.34063
0.34725
0.32254
0.34404
0.30443
0.32043
0.28887
0.28285
0.30854
0.29398
0.21725
0.23437
0.19473
0.21744
0.16683
0.17466
0.19587
0.13803
0.16817
0.18727
0.11571
0.15944
0.15151
0.16909
0.12988
0.09137
0.09753
0.08293
0.07694
0.12627
0.16350
0.14137
0.12897
0.13832
0.11890
0.11615
0.08950
0.10970
0.19776
0.12870
0.22392
0.15192
0.10953
