0.84570
2.83879
1.77119
2.28829
0.82934
0.81070
0.80632
0.75322
0.65035
1.05109
0.77802
0.62585
0.77259
0.87644
0.80565
0.72158
0.69347
0.69340
0.70682
0.65885
0.72241
0.68584
0.61995
0.59070
0.98113
0.85127
0.80707
0.69505
0.71750
0.73090
0.79335
0.75406
0.71673
0.69704
0.69761
0.70207
0.69533
0.68568
0.70415
0.68596
0.67601
0.67632
0.69422
0.69909
0.69214
0.68838
0.68778
0.68070
0.66866
0.66373
0.66742
0.71478
0.70270
0.70235
0.69241
0.69170
0.68454
0.68630
0.68445
0.66361
0.69713
0.69376
0.69653
0.76580
0.78121
0.69229
0.76566
0.72831
0.71744
0.69751
0.70260
0.70654
0.69422
0.68921
0.68530
0.69718
0.69663
0.70387
0.70534
0.69681
0.69004
0.69166
0.67289
0.67750
0.68498
0.69149
0.68978
0.72497
0.71394
0.71338
0.70018
0.70450
0.69497
0.69408
0.69070
0.68735
0.65250
0.64677
0.63338
0.70944
0.71537
0.73980
0.61960
0.61843
0.61534
0.62551
0.60993
0.61397
0.95416
0.84602
0.77946
0.68751
0.68173
0.67941
0.67989
0.68287
0.68409
0.71531
0.71040
0.70397
0.68791
0.68809
0.68571
0.71105
0.71245
0.71329
0.69729
0.69570
0.69683
0.66961
0.67079
0.66994
0.66914
0.66885
0.66518
0.70229
0.70675
0.70369
0.69621
0.69325
0.69462
0.68099
0.68125
0.67805
0.69336
0.69363
0.69115
0.70320
0.69542
0.69731
0.68578
0.68638
0.68967
0.68178
0.68575
0.67808
0.69759
0.69610
0.69469
0.69411
0.69049
0.68828
0.69347
0.69443
0.69552
0.66090
0.66220
0.66176
0.64114
0.63862
0.63372
0.71082
0.71438
0.71927
0.70275
0.70089
0.70185
0.69730
0.69981
0.69619
0.69235
0.68675
0.68883
0.67655
0.67384
0.67278
0.71855
0.71700
0.71871
0.68521
0.68637
0.68375
0.67201
0.67124
0.67531
0.68862
0.68925
0.69050
0.69382
0.69364
0.69691
0.70144
0.69997
0.69907
0.67827
0.69040
0.68344
0.67367
0.67741
0.67199
0.70692
0.70713
0.70958
0.70499
0.70474
0.70525
0.68193
0.68461
0.68335
0.68456
0.68336
0.68294
0.68206
0.68219
0.68088
0.68053
0.67570
0.66992
0.66414
0.66071
0.66085
0.70936
0.71093
0.70901
0.64897
0.63888
0.64004
0.63676
0.63730
0.62689
0.88470
0.81882
0.75168
0.69941
0.69691
0.69792
0.64932
0.65041
0.65025
0.69520
0.69540
0.69356
0.69835
0.69886
0.69840
0.65211
0.65392
0.65146
0.70481
0.70566
0.70291
0.69320
0.69454
0.69414
0.68398
0.68384
0.68528
0.66857
0.66822
0.66651
0.65291
0.65659
0.65871
0.69056
0.69432
0.68590
0.71178
0.70408
0.68720
0.73236
0.71961
0.72035
0.69627
0.70880
0.70920
0.69583
0.69882
0.69179
0.67046
0.65729
0.64639
0.82653
0.80339
0.76249
0.68044
0.68688
0.69100
0.64105
0.63797
0.63788
0.69111
0.69125
0.69423
0.67112
0.67138
0.67215
0.69488
0.69486
0.69337
0.68208
0.68141
0.68090
0.67589
0.67517
0.67611
0.70658
0.70776
0.70780
0.64769
0.64626
0.64144
0.68426
0.68342
0.68317
0.66904
0.66932
0.66846
0.62064
0.61805
0.61569
0.61223
0.60695
0.59168
0.74122
0.72700
0.72938
0.75247
0.72309
0.71653
0.65518
0.65689
0.65749
0.69988
0.69923
0.69933
0.65557
0.65350
0.65372
0.71579
0.71777
0.71622
0.69873
0.69926
0.69697
0.68259
0.68019
0.67937
0.72465
0.71284
0.69601
0.64275
0.59588
0.56522
1.81280
1.00159
0.69897
0.75304
0.76308
0.76859
0.68166
0.68320
0.68134
0.70466
0.70397
0.70371
0.68401
0.68352
0.68396
0.71841
0.71851
0.71840
0.63781
0.63841
0.63817
0.66570
0.66585
0.66504
0.66630
0.66564
0.66623
0.70422
0.70428
0.70360
0.59747
0.59768
0.59534
0.71566
0.71678
0.71606
0.66341
0.66377
0.66259
0.66542
0.66559
0.66548
0.74625
0.74642
0.74770
0.70135
0.70005
0.69966
0.76988
0.76680
0.76342
0.64741
0.64418
0.63610
0.74390
0.74618
0.74492
0.67025
0.67561
0.67972
0.70802
0.70286
0.70793
0.68463
0.68375
0.68571
0.66536
0.66516
0.66586
0.66842
0.66957
0.66931
0.71716
0.71585
0.70505
0.64990
0.65045
0.65077
0.69699
0.69640
0.69668
0.67504
0.67305
0.67042
0.70891
0.70855
0.70903
0.68211
0.68336
0.68126
0.72325
0.72283
0.72082
0.66957
0.66991
0.67131
0.70859
0.70883
0.71081
0.69002
0.68965
0.69009
0.69503
0.69571
0.69683
0.69603
0.67989
0.67770
0.65452
0.65395
0.65299
0.66308
0.66275
0.65984
0.69646
0.69762
0.69826
0.74706
0.74794
0.74492
0.65487
0.65644
0.65702
0.68620
0.68559
0.68495
0.70788
0.70759
0.70779
0.71253
0.71365
0.71276
0.67046
0.67207
0.67195
0.67131
0.67064
0.67162
0.65305
0.65247
0.65050
0.66899
0.66819
0.66666
0.70198
0.70254
0.70327
0.66843
0.66755
0.66695
0.71534
0.71473
0.71552
0.67756
0.67516
0.67609
0.61685
0.61578
0.61408
0.70792
0.70962
0.70920
0.61328
0.61322
0.61150
0.73724
0.73786
0.73821
0.71245
0.71215
0.70690
0.71270
0.71130
0.70733
0.69245
0.69496
0.69012
0.71274
0.70848
0.70675
0.67895
0.66691
0.66096
0.67743
0.65760
0.65484
0.70922
0.69638
0.68160
0.65143
0.64085
0.63345
0.69167
0.68918
0.68802
0.71269
0.71501
0.71620
0.60677
0.60555
0.60160
0.64663
0.64485
0.64564
0.67986
0.68164
0.68255
0.61296
0.61152
0.61082
0.68042
0.67785
0.67989
0.66434
0.66069
0.66201
0.71461
0.71546
0.71271
0.65154
0.65121
0.64717
0.72392
0.72271
0.72127
0.64051
0.63554
0.63548
0.75800
0.75608
0.75161
0.68581
0.68551
0.68227
0.69786
0.69764
0.69969
0.66652
0.66852
0.67014
0.73899
0.73744
0.72878
0.68743
0.68831
0.68563
0.68585
0.68501
0.68656
0.71788
0.71722
0.71626
0.72423
0.72417
0.72189
0.68272
0.68240
0.68338
0.64936
0.64995
0.64930
0.65186
0.64830
0.64537
0.68294
0.68221
0.68163
0.58880
0.58328
0.58032
0.74894
0.75063
0.75226
0.76688
0.75997
0.75819
0.64167
0.64369
0.64543
0.65097
0.64974
0.65187
0.73158
0.73575
0.73328
0.63134
0.63113
0.63063
0.70151
0.70055
0.70426
0.67897
0.67778
0.67905
0.68246
0.68388
0.67941
0.71854
0.71439
0.71296
0.65025
0.65260
0.65391
0.69417
0.69648
0.69890
0.69652
0.69669
0.69670
0.66593
0.66359
0.66298
0.65623
0.65568
0.65451
0.69469
0.69447
0.69654
0.64670
0.64598
0.64369
0.66968
0.67111
0.67017
0.70427
0.70214
0.69981
0.73253
0.73191
0.73106
0.67059
0.67005
0.67098
0.70613
0.70736
0.70352
0.71960
0.72412
0.72051
0.72369
0.72292
0.72218
0.68877
0.68977
0.69012
0.69511
0.69314
0.69239
0.67301
0.67436
0.66319
0.69663
0.70069
0.70500
0.60287
0.59430
0.58663
0.64095
0.62707
0.60861
0.72199
0.65398
0.66366
0.72471
0.71045
0.71254
0.64217
0.64972
0.64575
0.69214
0.69397
0.68875
0.65731
0.64493
0.64639
0.63346
0.62908
0.63272
0.74208
0.74200
0.73951
0.66140
0.65565
0.64821
0.71633
0.70886
0.70378
0.59823
0.60316
0.59021
0.61902
0.60378
0.59003
0.82234
0.76826
0.73573
0.69615
0.69040
0.68826
0.65025
0.65555
0.65701
0.67871
0.68338
0.66991
0.69665
0.69726
0.69098
0.67684
0.67840
0.67003
0.74891
0.74553
0.74740
0.71236
0.71237
0.70986
0.63951
0.64489
0.64615
0.66463
0.66630
0.65809
0.71769
0.72081
0.72673
0.63924
0.64178
0.63833
0.69718
0.69872
0.69896
0.76784
0.76949
0.75748
0.67819
0.67800
0.67660
0.70375
0.70011
0.69977
0.66872
0.66027
0.64579
0.68828
0.69145
0.69772
0.68993
0.68604
0.69203
0.71302
0.69997
0.69046
0.65938
0.65630
0.65662
0.69084
0.69252
0.68759
0.78088
0.77482
0.77351
0.69862
0.69852
0.69653
0.70883
0.70720
0.70551
0.70305
0.69746
0.70040
0.67944
0.67587
0.67448
0.68683
0.68609
0.68956
0.63752
0.63181
0.59916
0.77398
0.78460
0.75436
0.67000
0.67772
0.67391
0.67002
0.66632
0.66646
0.70546
0.70527
0.70315
0.70406
0.69989
0.69814
0.65266
0.65180
0.65290
0.65843
0.65901
0.65457
0.75033
0.74455
0.74905
0.63602
0.63753
0.63342
0.68417
0.68927
0.68227
0.66852
0.67028
0.66241
0.70310
0.70042
0.69778
0.67743
0.67568
0.67737
0.67299
0.66852
0.66228
0.65625
0.65010
0.65206
0.79162
0.78912
0.77673
0.62730
0.63419
0.62806
0.64565
0.64423
0.63344
0.68393
0.68748
0.68413
0.62723
0.62554
0.62446
0.72712
0.72679
0.72638
0.76322
0.75115
0.73604
0.63709
0.64828
0.64977
0.65587
0.66489
0.67003
0.66465
0.66390
0.64899
0.65723
0.64250
0.64262
0.66768
0.67834
0.67871
0.64382
0.64236
0.62996
0.73336
0.72058
0.69544
0.67789
0.64927
0.68562
0.75567
0.68632
0.67133
0.83114
0.70908
0.69241
0.70158
0.70105
0.70021
0.64617
0.64030
0.63936
0.67167
0.66867
0.66564
0.71604
0.71493
0.72170
0.60754
0.60029
0.59887
0.74669
0.76126
0.74911
0.64928
0.64781
0.65123
0.63033
0.62013
0.62189
0.65490
0.66124
0.65254
0.68093
0.67220
0.68394
0.70005
0.70044
0.69435
0.69584
0.68775
0.66709
0.64770
0.65015
0.64329
0.86444
0.77998
0.74985
0.73957
0.72118
0.71548
0.66932
0.67319
0.67569
0.66050
0.65042
0.65617
0.67818
0.68072
0.67473
0.65504
0.64191
0.63300
0.69698
0.69294
0.69440
0.70846
0.70841
0.70394
0.61668
0.61691
0.60917
0.69818
0.70715
0.69456
0.62737
0.62041
0.63030
0.72481
0.70943
0.70650
0.62198
0.60646
0.57431
0.88653
0.74798
0.72243
0.67860
0.68287
0.68360
0.67016
0.66725
0.66995
0.67789
0.68601
0.68118
0.67671
0.66740
0.66004
0.63912
0.62995
0.59407
1.51599
0.87901
0.69461
0.69711
0.69548
0.69675
0.70930
0.70746
0.70311
0.65143
0.65152
0.65073
0.69273
0.68961
0.69296
0.67768
0.66989
0.67267
0.64278
0.64314
0.63951
0.59966
0.59519
0.58531
0.61806
0.59924
0.60500
0.93492
0.75747
0.68985
0.70095
0.70338
0.70112
0.66760
0.66269
0.66268
0.67542
0.67861
0.67440
0.68914
0.68635
0.68817
0.73610
0.72678
0.72482
0.71016
0.70477
0.69632
0.69088
0.67992
0.67257
0.61418
0.64559
0.63730
1.31852
0.67798
0.63705
0.70382
0.69029
0.68266
0.67771
0.64923
0.62679
0.73878
0.72904
0.71280
0.73338
0.72419
0.72149
0.70069
0.70071
0.69675
0.68827
0.68763
0.68727
0.64906
0.64942
0.64326
0.70272
0.70296
0.70300
0.70912
0.71040
0.71295
0.67167
0.67236
0.66937
0.65742
0.65322
0.64049
0.74657
0.74803
0.75057
0.72231
0.72043
0.71584
0.64127
0.64554
0.64667
0.69997
0.69803
0.69591
0.67122
0.67036
0.66496
0.64786
0.64833
0.64923
0.66650
0.66337
0.66343
0.67640
0.68104
0.68142
0.65904
0.66109
0.65973
0.70511
0.69634
0.69135
0.67760
0.67956
0.67769
0.69152
0.69031
0.68894
0.69929
0.70070
0.70158
0.67892
0.68022
0.67766
0.68996
0.70004
0.69398
0.68820
0.68154
0.68224
0.70774
0.70218
0.69416
0.67374
0.68007
0.66233
0.69724
0.70265
0.69785
0.66090
0.66485
0.66443
0.65786
0.64749
0.64688
0.70208
0.71038
0.70614
0.66894
0.66032
0.65565
0.67410
0.67198
0.66294
0.67232
0.67211
0.68124
0.64147
0.63011
0.62182
0.66616
0.65571
0.65467
0.65078
0.64823
0.65396
0.70037
0.70415
0.68240
0.60261
0.61113
0.61272
0.74599
0.74339
0.73812
0.70599
0.70806
0.69248
0.62179
0.63126
0.63121
0.70997
0.71454
0.69288
0.67802
0.67301
0.67989
0.67955
0.66531
0.68683
0.73686
0.72405
0.66132
0.74204
0.75026
0.72630
0.66208
0.66260
0.65860
0.74254
0.73769
0.70089
0.67893
0.67612
0.67411
0.68577
0.68303
0.67752
0.68806
0.68320
0.68032
0.69263
0.69184
0.69098
0.64693
0.63983
0.62398
0.66914
0.66767
0.66909
0.65441
0.65210
0.65504
0.73779
0.73271
0.72176
0.67867
0.67544
0.67336
0.73460
0.72459
0.71196
0.68462
0.68891
0.69137
0.66840
0.66774
0.65778
0.65057
0.63420
0.59249
0.97734
0.83811
0.74336
0.72660
0.68864
0.66178
0.66678
0.65765
0.65387
0.67918
0.66977
0.67598
0.66788
0.67064
0.66286
0.81805
0.80467
0.77455
0.63500
0.64842
0.63822
0.68345
0.68292
0.68041
0.68916
0.68525
0.68554
0.64929
0.64536
0.63174
0.72211
0.73103
0.70380
0.64769
0.65053
0.65184
0.73343
0.73314
0.70213
0.70118
0.69713
0.69495
0.66324
0.66400
0.66442
0.68207
0.68351
0.68117
0.70559
0.70731
0.70603
0.70231
0.70462
0.70199
0.65018
0.65153
0.65188
0.67578
0.67309
0.67071
0.69860
0.70011
0.70137
0.73670
0.73884
0.73649
0.70564
0.70649
0.70444
0.70464
0.70457
0.70470
0.70336
0.70091
0.70301
0.69033
0.68986
0.68930
0.67726
0.67707
0.67658
0.66681
0.66554
0.66295
0.70925
0.70619
0.70983
0.69951
0.69943
0.70383
0.65020
0.64293
0.63855
0.64548
0.64791
0.64415
0.60344
0.58998
0.57930
0.68165
0.68303
0.68401
0.59029
0.58070
0.57307
0.71379
0.71431
0.71384
0.66665
0.64956
0.65088
0.68117
0.68573
0.67436
0.63474
0.64003
0.63623
0.68550
0.69615
0.68231
0.70041
0.68880
0.68739
0.72964
0.71355
0.70937
0.73464
0.72887
0.71723
0.70218
0.71253
0.71104
0.70207
0.68920
0.68129
0.68098
0.68478
0.68049
0.69671
0.69617
0.69837
0.70388
0.70141
0.69659
0.71208
0.71823
0.72095
0.65063
0.65591
0.64386
0.69690
0.67555
0.68479
0.60848
0.60401
0.59695
0.66114
0.65791
0.65674
0.74123
0.73614
0.73603
0.63048
0.63476
0.63444
0.66467
0.65803
0.66210
0.72233
0.72016
0.71853
0.70027
0.70055
0.69907
0.69513
0.70905
0.70193
0.71203
0.69572
0.70031
0.71900
0.71192
0.70766
0.72015
0.71344
0.70326
0.64502
0.65041
0.64444
0.63020
0.63288
0.56329
0.58688
0.57339
0.52053
0.70772
0.71391
0.70889
0.61303
0.62463
0.63685
0.67504
0.63830
0.63951
0.73118
0.71334
0.65401
0.59010
0.51340
0.59680
0.50442
0.36271
0.30851
1.83685
0.97275
0.75806
0.59463
0.61657
0.68651
0.67635
0.69175
0.66317
0.67370
0.70400
0.68449
0.66248
0.68386
0.66968
0.70680
0.70461
0.70396
0.67602
0.68925
0.67161
0.67175
0.67062
0.67399
0.66336
0.65323
0.66624
0.67183
0.68400
0.67082
0.71223
0.70173
0.68035
0.68852
0.72023
0.66251
0.71954
0.71545
0.71582
0.66282
0.66723
0.66735
0.65694
0.64936
0.66249
0.66063
0.67330
0.68553
0.79527
0.73143
0.70443
0.68232
0.66134
0.67553
0.66504
0.66762
0.66342
0.61533
0.62446
0.61512
0.68846
0.68621
0.70851
0.69921
0.68856
0.69676
0.64052
0.65471
0.62411
0.69527
0.69867
0.68464
0.63138
0.63293
0.60473
0.65147
0.68198
0.67371
0.67442
0.70245
0.66729
0.59650
0.60336
0.58232
0.61411
0.67166
0.70681
0.67661
0.72642
0.67664
0.69184
0.70210
0.59842
0.54545
0.56698
0.58527
0.58199
0.55606
0.59631
0.98484
0.83359
0.70680
0.64005
0.63385
0.62035
0.65546
0.64114
0.58763
0.72925
0.65472
0.72652
0.90849
0.65105
0.69243
0.69019
0.69708
0.70384
0.70108
0.69818
0.69335
0.67123
0.67046
0.67274
0.66721
0.66683
0.66626
0.70173
0.70295
0.70270
0.67088
0.67156
0.66916
0.69513
0.69333
0.69597
0.65904
0.65956
0.65955
0.66466
0.65907
0.66504
0.72437
0.72883
0.72703
0.68908
0.68450
0.68436
0.65630
0.65418
0.64194
0.70774
0.70870
0.70927
0.64155
0.63984
0.64001
0.61767
0.61394
0.61171
0.70688
0.70251
0.69884
0.67064
0.67093
0.67002
0.72227
0.72495
0.71970
0.68228
0.68660
0.67859
0.70187
0.70421
0.69812
0.70194
0.67246
0.60787
1.95468
1.08528
0.80453
0.67871
0.67992
0.68145
0.65585
0.65042
0.65459
0.59966
0.60148
0.59919
0.65246
0.64290
0.63955
0.72043
0.71646
0.70791
0.72912
0.72549
0.71500
0.64975
0.65674
0.64974
0.65837
0.65042
0.65234
0.67298
0.67044
0.67045
0.74466
0.73441
0.73301
0.64093
0.65001
0.66549
0.66437
0.66357
0.64656
0.66719
0.65894
0.65713
0.73161
0.72043
0.71888
0.63942
0.65491
0.65180
0.66532
0.66044
0.65757
0.58577
0.59854
0.60403
0.60706
0.59380
0.61118
0.80983
0.77805
0.80994
0.59730
0.60500
0.62319
0.78560
0.73979
0.75175
0.56346
0.58326
0.55545
0.72850
0.71451
0.74199
0.65116
0.65718
0.64991
0.60217
0.59617
0.58118
0.61156
0.59114
0.64082
0.48616
0.56038
0.49974
0.68549
0.84998
0.76239
0.60877
0.60455
0.64039
0.74873
0.74451
0.70233
0.66300
0.61367
0.62657
0.73429
0.67999
0.68124
0.63822
0.66724
0.73872
0.68621
0.71299
0.71232
0.75692
0.68055
0.67265
0.61604
0.64143
0.67218
0.64154
0.67100
0.64186
0.65232
0.65436
0.62985
0.61720
0.61144
0.63403
0.61144
0.62208
0.61315
0.53324
0.56447
0.55146
0.59156
0.63591
0.60903
0.77408
0.74727
0.77689
0.66274
0.68644
0.66881
0.48552
0.54022
0.53843
0.56636
0.60983
0.68589
0.60562
0.67981
0.59457
0.57441
0.54862
0.56429
0.52230
0.52018
0.51754
0.45015
0.56436
0.47632
0.44166
0.46026
0.41976
1.28066
0.81709
0.66133
0.58547
0.53938
0.61319
0.61198
0.62240
0.60629
0.59260
0.59537
0.59087
0.58320
0.61553
0.56116
0.67570
0.64942
0.59988
0.58598
0.58700
0.55143
0.59238
0.56905
0.54101
0.62688
0.66675
0.60123
0.67969
0.67270
0.53750
0.71682
0.75893
0.75791
0.68760
0.66154
0.72387
0.72639
0.71737
0.70787
0.66716
0.67696
0.63235
0.65749
0.70375
0.67660
0.61972
0.61792
0.63646
0.63953
0.62495
0.61534
0.73439
0.71632
0.72294
0.61089
0.59588
0.60321
0.55476
0.58397
0.63381
0.67661
0.69270
0.65604
0.53832
0.57014
0.53309
0.65585
0.61043
0.67310
0.91605
0.64319
0.67904
0.60863
0.59693
0.61463
0.67079
0.71334
0.65305
0.64189
0.66645
0.61651
0.56377
0.52945
0.53995
0.68067
0.70069
0.53500
0.74016
0.74062
0.69387
0.55492
0.64382
0.66741
0.55012
0.51274
0.48683
0.61495
0.52277
0.62480
0.42330
0.39726
0.37156
0.46213
0.53603
0.46763
0.36853
0.40762
0.51067
0.63106
0.65993
0.59300
0.57848
1.36077
0.77157
0.57457
0.59456
0.57209
0.62413
0.61905
0.54599
0.63053
0.63486
0.66415
0.56535
0.60569
0.55264
0.58751
0.60044
0.61860
0.57311
0.57167
0.57304
0.48941
0.50366
0.48222
0.71482
0.74369
0.70615
0.55498
0.79336
0.57064
0.65553
0.70327
0.56977
0.39260
0.35601
0.42471
0.70484
0.65197
0.61475
0.64946
0.75247
0.69420
0.54862
0.53757
0.50396
0.66171
0.56074
0.58769
0.51154
0.47594
0.46083
0.51336
0.47157
0.55418
0.60730
0.57709
0.45126
0.72795
0.65191
0.76857
0.55442
0.55075
0.55012
0.54272
0.63323
0.43573
0.69378
0.76698
0.68793
0.76724
1.16459
0.94854
0.66397
0.63289
0.64878
0.61883
0.59866
0.57212
0.68643
0.65981
0.65590
0.63212
0.65024
0.63232
0.52665
0.49128
0.51891
0.56357
0.53050
0.48824
0.59187
0.57994
0.64470
0.67572
0.48668
0.48470
0.53814
0.65364
0.61284
0.51455
0.48769
0.52278
0.41764
0.40004
0.44891
0.68375
0.69713
0.60358
0.53081
0.50866
0.63712
0.33756
0.53266
0.40431
0.57160
0.53931
0.50958
0.53066
0.48357
0.61856
0.56145
0.56242
0.52761
0.69681
0.64944
0.56176
0.70050
0.60610
0.63250
0.42013
0.36522
0.54232
0.57142
0.47279
0.54006
0.45918
0.67752
0.99991
0.76498
0.76767
0.64639
0.56835
0.60239
0.66282
0.51070
0.50635
0.51437
0.68681
0.72792
0.73127
0.66134
0.57692
0.57481
0.62903
0.68194
0.67120
0.55330
0.56440
0.52916
0.66754
0.57783
0.48117
0.53000
0.62996
0.54971
0.99922
0.86134
0.52133
0.50678
0.52241
0.54086
0.58228
0.58127
0.69262
0.57360
0.54796
0.52241
0.46255
0.48418
0.45513
0.58398
0.52751
0.52915
0.59250
0.58408
0.57496
0.54690
0.61398
0.44019
0.33444
0.37295
0.31203
0.23629
0.29913
0.21541
0.51125
0.53142
0.35045
0.78445
0.88398
0.79061
0.51219
0.46444
0.45874
0.48257
0.54983
0.58367
0.58215
0.55253
0.63450
0.51353
0.44036
0.52064
0.47074
0.46349
0.49823
0.58430
0.54936
0.50766
0.57325
0.82610
0.55581
0.61954
0.88664
0.70467
0.50383
0.59547
0.42716
0.54409
0.58542
0.52908
0.39595
0.37468
0.47314
0.33926
0.37609
0.43132
0.91476
0.92281
0.66164
1.61699
0.52939
0.66080
0.79939
0.78902
0.77696
0.64522
0.64728
0.64214
0.70447
0.67542
0.68363
0.62510
0.63692
0.61834
0.75937
0.74348
0.67801
0.69637
0.65200
0.61463
0.66103
0.66338
0.66966
0.65721
0.64665
0.63751
0.70660
0.68257
0.68485
0.65957
0.75823
0.68237
0.71818
0.72888
0.73044
0.69814
0.71683
0.71190
0.69073
0.67716
0.65803
0.62666
0.63380
0.62905
0.65369
0.62269
0.62286
0.66686
0.66689
0.63899
0.55916
0.56399
0.52054
1.18057
0.94481
0.76382
0.66522
0.67145
0.66936
0.69128
0.68977
0.68697
0.67921
0.67793
0.67710
0.71225
0.71819
0.71386
0.67705
0.67799
0.68091
0.66268
0.66181
0.66050
0.64750
0.62641
0.62026
0.67307
0.67305
0.66724
0.69220
0.68553
0.69198
0.68239
0.66797
0.67251
0.67594
0.68872
0.67597
0.66541
0.66511
0.65297
0.68758
0.69682
0.67991
0.69513
0.70188
0.69989
0.69293
0.69061
0.69330
0.59397
0.59188
0.59513
0.61325
0.60948
0.60598
0.76020
0.76986
0.76187
0.68815
0.68770
0.68049
0.73250
0.72575
0.72900
0.70378
0.69656
0.68749
0.64456
0.64396
0.65125
0.68483
0.70816
0.68295
0.68738
0.68182
0.68885
0.66797
0.68516
0.69148
0.68131
0.66555
0.67499
0.70064
0.68867
0.68788
0.66712
0.66729
0.67982
0.64615
0.65086
0.65333
0.67574
0.68052
0.66065
0.61947
0.61401
0.60249
0.60568
0.60924
0.60048
0.76596
0.74042
0.74846
0.65653
0.66717
0.67889
0.64181
0.64120
0.62610
0.61831
0.61004
0.61673
0.65248
0.67504
0.62638
0.65016
0.79598
0.71704
0.60431
0.60823
0.62532
0.63001
0.63106
0.64988
0.56743
0.56396
0.56442
0.80997
0.80025
0.80134
0.67812
0.67065
0.71853
0.69307
0.69159
0.69537
0.71286
0.67388
0.67696
0.64464
0.60390
0.68273
0.70179
0.64088
0.62890
0.60543
0.57497
0.54499
0.61886
0.68777
0.67333
0.61295
0.62247
0.55034
0.84255
0.81555
0.54286
0.56433
0.53954
0.52378
0.84993
0.99312
0.80527
0.56748
0.56037
0.62002
0.65055
0.68105
0.66268
0.60480
0.62531
0.61262
0.56474
0.55166
0.55512
0.61553
0.63230
0.66171
0.74420
0.73376
0.72564
0.64082
0.60561
0.63674
0.64938
0.53047
0.52749
0.48935
0.60052
0.60550
0.65056
0.61693
0.66712
0.62842
0.63644
0.60568
0.67469
0.63175
0.59507
0.65081
0.69975
0.66737
0.60757
0.57866
0.60088
0.75772
0.58686
0.61248
0.58966
0.55113
0.53398
0.51609
0.45439
0.50825
0.68733
1.15561
0.48727
0.80999
0.94600
0.55891
0.62354
0.61080
0.65145
0.57096
0.58843
0.61353
0.69019
0.68314
0.66024
0.60948
0.59896
0.64290
0.75941
0.72508
0.71219
0.58763
0.60977
0.59694
0.66352
0.63597
0.65257
0.59223
0.57868
0.55061
0.65588
0.62579
0.62542
0.56297
0.55647
0.56560
0.64858
0.62482
0.64747
0.66413
0.66310
0.69665
0.69713
0.68039
0.62906
0.62189
0.64453
0.61094
0.53822
0.57452
0.57554
0.70159
0.61398
0.58125
0.75236
0.74775
0.67580
0.64325
0.56822
0.59218
0.51642
0.45921
0.46371
0.65314
0.68255
0.64159
0.66886
0.72716
0.63625
0.57585
0.60551
0.57726
0.58799
0.61306
0.51078
0.46919
0.50569
0.39627
0.45572
0.55792
0.54263
0.96554
0.99167
0.56077
0.80890
0.65065
0.66880
0.66070
0.64957
0.63398
0.67800
0.67119
0.66336
0.67468
0.71763
0.64390
0.63648
0.63430
0.63180
0.61143
0.61059
0.59800
0.82438
0.76084
0.60459
0.58367
0.59227
0.59158
0.58082
0.58338
0.57240
0.83230
0.82113
0.76457
0.66873
0.68948
0.69426
0.68378
0.65897
0.63220
0.70756
0.76631
0.69443
0.68808
0.66253
0.68066
0.71844
0.70875
0.68268
0.68932
0.67761
0.68706
0.69636
0.71077
0.70392
0.71806
0.70811
0.70711
0.68481
0.69550
0.69662
0.64399
0.64087
0.64043
0.69196
0.69707
0.69601
0.69217
0.68153
0.68129
0.72357
0.73695
0.72955
0.63155
0.62209
0.61032
0.59021
0.58096
0.58674
0.68265
0.69759
0.67260
0.65059
0.64334
0.63584
0.68033
0.66330
0.65882
0.66109
0.65067
0.62592
0.65725
0.64019
0.64767
0.74732
0.74628
0.71357
0.67339
0.67386
0.66681
0.64434
0.62401
0.64159
0.66407
0.69544
0.67031
0.65328
0.68133
0.59093
0.63236
0.62588
0.61497
0.64367
0.66119
0.62874
0.56391
0.61595
0.59039
0.57492
0.48778
0.56510
0.70540
0.64964
0.64270
0.56426
0.53283
0.50169
0.63735
0.66691
0.64799
0.64987
0.54456
0.60141
0.83937
0.81010
0.78997
0.53954
0.55033
0.54672
0.62876
0.61508
0.66272
0.50758
0.48952
0.46519
0.49283
0.44272
0.54371
0.54966
0.57215
0.51567
0.42262
0.38420
0.49656
0.61271
0.65798
0.65392
0.66986
0.57874
0.57536
0.83204
0.84122
0.69818
0.59203
0.59402
0.62830
0.59225
0.56257
0.51851
0.67056
0.66820
0.64043
0.51890
0.51386
0.44859
0.75215
0.66357
0.63828
0.45102
0.48785
0.48129
0.68048
0.60701
0.65890
0.60021
0.53774
0.55579
0.59259
0.68410
0.76081
0.47796
0.55249
0.47954
0.53533
0.53695
0.59265
0.57697
0.61593
0.45983
0.61219
0.63963
0.68287
0.72902
0.75556
0.64630
0.61563
0.54292
0.51607
0.56257
0.58776
0.56961
0.54913
0.56075
0.55687
0.46670
0.52044
0.52557
0.52228
0.48500
0.47011
0.43168
0.42302
0.30781
0.73207
0.71276
0.63783
0.83427
0.70889
0.76399
0.59480
0.56728
0.53014
0.59481
0.55854
0.46731
0.60376
0.57092
0.54924
0.69677
0.52339
0.30524
0.63540
0.68744
0.66423
0.53824
0.44576
0.63086
0.48729
0.41018
0.65402
0.53209
0.49039
0.52622
0.52839
0.74781
0.59975
0.55682
0.51645
0.42480
0.49044
0.48078
0.43686
0.54363
0.49041
0.46890
0.35861
0.45935
0.48142
0.66243
0.68618
0.53526
0.46580
0.49547
0.52906
0.60318
0.60867
0.43167
0.54395
0.53683
0.55986
0.56143
0.39811
0.46312
0.42450
0.45805
0.40696
0.36770
0.52660
0.57998
1.76273
1.08682
0.84289
0.47364
0.57554
0.59763
0.59393
0.64127
0.61162
0.65548
0.64107
0.60203
0.67577
0.64193
0.60806
0.59135
0.55955
0.57573
0.59509
0.54662
0.53905
0.75655
0.68563
0.75580
0.66512
0.66409
0.63232
0.49665
0.53197
0.51591
0.62230
0.61347
0.55046
0.56296
0.51574
0.57828
0.63116
0.61923
0.63521
0.57012
0.53350
0.50843
0.57726
0.58911
0.41907
0.50924
0.40920
0.33812
0.70467
0.52940
0.51302
0.45772
0.39148
0.35838
0.50993
0.52008
0.41566
0.34628
0.20779
0.77689
0.85819
0.73121
0.61780
0.45824
0.52689
0.45829
0.61548
0.52423
0.87811
0.57320
0.48443
0.58387
0.50566
0.54498
0.63772
0.50591
0.49842
0.48220
0.72885
0.71066
0.74362
0.65701
0.52215
0.45960
0.56646
0.62142
0.65872
0.73126
0.83607
0.51501
0.61916
0.52139
0.58984
0.51473
0.54418
0.46353
0.58901
0.70619
0.59479
0.50177
0.58930
0.63096
0.40403
0.43998
0.41293
0.44475
0.47121
0.47669
0.43394
0.41941
0.42172
0.35166
0.47232
0.40545
0.38931
0.49129
0.48028
0.44175
0.47706
0.47296
0.91735
0.52877
0.64528
0.47951
0.39652
0.35221
0.51720
0.62517
0.73336
0.58838
0.63388
0.48878
0.51583
0.45775
0.57564
0.61117
0.52898
0.42008
0.52778
0.42684
0.42853
0.53630
0.47374
0.42641
0.59890
0.39167
0.40546
0.58017
0.61866
0.58821
0.39180
0.37678
0.49153
0.42898
0.59783
0.53927
0.44843
0.43665
0.39186
0.40170
0.48414
0.30827
0.61144
0.64529
0.48442
0.21595
0.17440
0.18421
0.34204
0.37034
0.35226
1.27238
0.63849
0.51665
0.33501
0.56609
0.41699
0.63743
0.55144
0.56229
0.58259
0.62975
0.48276
0.58960
0.56547
0.59108
0.57860
0.59148
0.55017
0.46928
0.51676
0.51654
0.60560
0.61915
0.62726
0.50498
0.45740
0.40368
0.41007
0.35235
0.33797
0.27206
0.37586
0.27216
0.62488
0.46297
0.26061
0.40781
0.50481
0.45929
0.66350
0.65631
0.58073
0.86875
0.59090
0.57678
0.57079
0.66979
0.53605
0.61758
0.59028
0.61084
0.42325
0.41385
0.51442
0.30381
0.38550
0.32384
0.47078
0.40523
0.57658
0.52728
0.39242
0.30500
0.46406
0.43485
0.44987
0.85122
0.63345
0.47447
0.41786
0.35859
0.49777
0.29821
0.60002
0.19977
0.59342
0.45961
0.50713
0.27341
0.32256
0.39718
0.88056
0.46823
0.61111
0.58123
0.40762
0.45261
0.49496
0.41079
0.48102
0.49093
0.39861
0.46511
0.53748
0.38623
0.52766
0.38581
0.31902
0.36015
0.54788
0.26372
0.36228
0.29643
0.27441
0.21830
0.44691
0.39409
0.34256
0.36732
0.20717
0.47880
0.85341
0.74228
0.51384
0.31147
0.59937
0.55398
0.51954
0.40152
0.40203
0.40823
0.45949
0.31483
0.33788
0.23712
0.35888
0.20850
0.36687
0.24863
0.43289
0.41285
0.39423
0.40132
0.52136
0.53983
0.23390
0.40748
0.31493
0.76955
1.02839
0.74010
0.55269
0.37598
0.29938
0.34409
0.52769
0.43110
0.87786
0.43426
0.54068
0.53852
0.65763
0.47131
0.45388
0.39554
0.40846
0.36329
0.45456
0.33834
0.42288
0.33672
0.43857
0.38373
0.38351
0.30105
0.45888
0.35110
0.28626
0.23623
0.29124
0.29981
0.36002
0.57689
0.28080
0.16587
0.21354
0.18909
0.19163
0.47064
0.17066
0.20012
0.46130
0.42574
0.16884
0.37712
0.30452
0.22681
0.25066
0.10068
0.69643
0.46248
0.29093
0.35848
0.52608
0.49111
0.39417
0.43548
0.48552
0.37247
0.27965
0.23895
0.41859
0.37385
0.32058
0.28736
0.20465
0.26035
0.49411
0.37467
0.29200
0.26744
0.22888
0.17058
0.66244
0.74313
0.60701
0.49254
0.33714
0.24404
0.45803
0.49001
0.54887
0.33188
0.32851
0.39950
0.75324
0.81576
0.68192
0.21519
0.42683
0.45122
0.22538
0.14584
0.58729
0.57666
0.60590
0.54124
0.21887
0.28782
0.24829
0.62486
0.41802
0.42798
0.34587
0.38550
0.42759
0.29629
0.28661
0.28006
0.37946
0.30953
0.35560
0.38149
0.47401
0.31501
0.11725
0.30999
0.32586
0.20846
0.30127
0.36389
0.20333
0.22827
0.27736
0.22230
0.17171
0.60995
0.27040
0.28812
0.28177
0.37811
0.45275
0.23308
0.42885
0.31728
0.27418
0.14628
0.17214
0.44875
0.49027
0.56401
0.34627
0.27977
0.06369
0.19061
0.36364
0.35486
0.48381
0.33557
0.50575
0.38794
0.20585
0.29946
0.33456
0.16897
0.14236
0.18020
0.33031
0.16909
0.55001
0.93921
0.63396
0.68818
0.50944
0.42651
0.37776
0.56344
0.48433
0.50542
0.42881
0.57294
0.40776
0.40756
0.34408
0.40078
0.39043
0.37770
0.39654
0.24072
0.20922
0.20900
0.31465
0.43540
0.47356
0.16404
0.15766
0.26885
0.23659
0.23236
0.45265
0.27459
0.28373
0.13645
0.34976
0.29469
0.28701
0.18216
0.28047
0.29094
0.29646
0.33894
0.23902
0.17610
0.17304
0.22276
0.49712
0.37164
0.44218
0.17391
0.31537
0.20676
0.23661
0.09416
0.23959
0.29626
0.23610
0.19809
0.34436
0.29051
0.19241
0.24921
0.23495
0.47469
0.18914
0.23308
0.25929
0.52661
0.16259
0.28576
0.22386
0.28240
0.13908
0.26101
0.18572
0.24978
0.38171
0.37267
0.37055
0.19530
0.10137
0.09174
0.13814
0.12502
0.16339
0.18259
0.15181
0.12787
0.31136
0.16148
0.10124
0.07240
0.46226
0.15464
0.17982
0.13181
0.13104
0.14074
0.06310
0.30692
0.12298
0.14396
0.06979
0.22258
0.18249
0.08639
1.31256
0.07205
0.16089
0.10911
0.18528
0.37627
0.67512
0.33577
0.34570
0.02286
0.31036
0.59275
0.51880
0.62908
0.17756
0.25531
0.60232
0.65204
0.51776
0.72602
0.43630
0.51187
0.53612
0.64032
0.36688
0.41519
0.43475
0.50388
0.55793
0.55419
0.45019
0.30793
0.31354
0.38324
0.38626
0.39709
0.34741
0.26684
0.29216
0.15250
0.21210
0.06295
0.49397
0.81048
0.31465
0.37815
0.23387
0.34212
0.34412
0.39355
0.49265
0.37876
0.28221
0.29499
0.47484
0.45448
0.31552
0.22955
0.19626
0.18595
0.37673
0.29890
0.21266
0.25920
0.21124
0.13843
0.27147
0.12227
0.18747
0.27464
0.49588
0.21405
0.17234
0.13517
0.02273
0.14927
0.13511
0.25643
0.15313
0.49498
0.34666
0.21942
0.06939
0.13902
0.11034
0.13825
0.29706
0.16374
0.15941
0.21971
0.07649
0.05048
0.16620
0.11293
0.03795
0.07444
0.11693
0.39105
0.08495
0.14172
0.25029
0.01530
0.25517
0.15729
0.05519
0.07381
0.01853
0.34964
0.76923
0.35655
0.30641
0.19349
0.57478
0.25581
0.31173
0.19423
0.10080
0.36416
0.12660
0.19280
0.30204
0.15934
0.20993
0.55559
0.42287
0.29561
0.31489
0.21842
0.27593
0.46916
0.51731
0.41773
0.31341
0.30002
0.28105
0.07382
0.15660
0.21033
0.19336
0.25999
0.07791
0.22394
0.13445
0.32338
0.22069
0.28896
0.24364
0.18847
0.27066
0.20946
0.09956
0.13778
0.10731
0.10371
0.09004
0.16464
0.10997
0.12304
0.15798
0.04967
0.12030
0.04715
0.01912
0.20193
0.11551
0.04370
0.04906
0.03461
0.42223
0.11652
0.10467
0.06954
0.01820
0.04266
0.02747
0.01352
0.09106
0.55917
0.77795
0.56128
0.18582
0.15514
0.35032
0.34365
0.13315
0.15120
0.37164
0.65936
0.53915
0.55351
0.58361
0.30279
0.36075
0.10916
0.17480
0.94908
0.40723
0.48095
0.36312
0.43752
0.40574
0.25075
0.28613
0.24580
0.50186
0.40036
0.12893
0.11390
0.15247
0.06571
0.21476
0.13807
0.21358
0.33175
0.14392
0.24385
0.32235
0.28040
0.21198
0.36269
0.24006
0.26214
0.20874
0.23234
0.12682
0.09160
0.10306
0.04767
0.27412
0.06888
0.20702
0.27097
0.05623
0.09190
0.09312
0.08451
0.03055
0.03939
0.18868
0.40540
0.15322
0.08287
0.52688
0.10625
0.05070
0.10634
0.09642
0.25521
0.25339
0.32447
0.14091
0.09873
0.20021
0.12441
0.10930
0.34007
0.17678
0.11708
0.18265
0.11746
0.17508
0.21946
0.13211
0.19484
0.27349
0.08273
0.06071
0.21149
0.26818
0.26838
0.32681
0.02413
0.19810
0.10348
0.16174
0.10996
0.31257
0.36649
0.12267
0.10673
0.05831
0.03851
0.07323
0.07825
0.11680
0.06470
0.11183
0.08521
0.07252
0.03847
0.12754
0.04156
0.21268
0.08619
0.33232
0.02381
0.03018
0.11134
0.28740
0.03667
0.05144
0.03974
0.18855
0.24893
0.11102
0.06517
0.03936
0.03353
0.03327
0.16061
0.05977
0.11147
0.03751
0.02965
0.09857
0.04070
0.04003
0.03290
0.07127
0.08807
0.23245
0.04430
0.02382
0.10660
0.02090
0.05614
0.06438
0.20328
0.21732
0.23018
0.18011
0.12113
0.00373
0.07478
0.05896
0.27326
0.26893
0.09644
0.02023
0.14847
0.02529
0.01877
0.02961
0.09068
0.04694
0.24524
0.13614
0.07734
0.29613
0.46647
0.28791
0.09027
0.05058
0.05593
0.31262
0.07419
0.01679
0.07363
0.00671
0.10476
0.24401
0.00629
0.05426
0.03830
0.08579
0.17810
0.05955
0.04427
0.29531
0.15456
0.44598
0.16638
0.33189
0.48648
0.28471
0.25536
0.13898
0.32640
0.01492
0.27297
0.07744
0.04966
0.52841
0.04569
0.05439
0.06750
0.44417
0.09173
0.11933
0.08713
0.08996
0.13031
0.12087
0.18632
0.12757
0.14419
0.03909
0.07119
0.02903
0.21146
0.10925
0.12376
0.09177
0.27924
0.39332
0.07744
0.03526
0.03759
0.01414
0.04700
0.07281
0.11782
0.04262
0.01413
0.04804
0.06455
0.10750
0.03143
0.01998
0.01591
0.22983
0.21553
0.31376
0.02599
0.03210
0.14000
0.13767
0.18852
0.08192
0.45332
0.00740
0.03763
0.02404
0.05255
0.02614
0.03396
0.15192
0.03771
0.02326
0.02153
0.01041
0.01042
0.01722
0.02667
0.11752
0.13240
0.08684
0.02162
0.02381
0.01914
0.02867
0.00786
0.03385
0.02667
0.01787
0.03667
0.00916
0.02674
0.00639
0.00599
0.00138
0.00593
0.00815
0.18377
0.01345
0.01274
0.01036
0.00534
0.00894
0.00327
0.00878
0.13850
0.04049
0.00070
0.01222
0.00624
0.33577
0.22246
0.43158
0.08640
0.64639
0.17768
1.78695
0.19637
0.06994
0.25318
0.26665
0.01152
0.08206
0.35946
0.08638
0.16147
0.17115
0.04975
0.30179
0.06600
0.12958
0.27201
0.21024
0.25512
0.15281
0.11991
0.29764
0.30485
0.23654
0.37622
0.27353
0.07628
0.13624
0.14027
0.08043
0.04803
0.04021
0.15253
0.01275
0.04065
0.09641
0.04298
0.03439
0.24254
0.20620
0.02794
0.04563
0.12541
0.23158
0.25607
0.08428
0.14653
0.00238
0.01323
0.08294
0.08438
0.24795
0.10012
0.15152
0.11662
0.05765
0.10354
0.07952
0.03857
0.02430
0.02899
0.06702
0.03030
0.07783
0.03489
0.23458
0.02539
0.34689
0.08779
0.04665
0.05715
0.04225
0.02717
0.01861
0.48154
0.08037
0.09361
0.06113
0.11628
0.07861
0.04681
0.56714
0.02824
0.32096
0.11449
0.06041
0.20439
0.06963
0.05975
0.18149
0.05684
0.28092
0.48173
0.04196
0.08386
0.04900
0.01713
0.02780
0.50074
0.33236
0.04934
0.04523
0.25657
0.23145
0.08615
0.07259
0.10010
0.12329
0.10967
0.10515
0.07723
0.09096
0.14216
0.13378
0.29139
0.03746
0.07862
0.05070
0.02980
0.10550
0.02901
0.05560
0.13797
0.04704
0.07867
0.04054
0.04450
0.04615
0.01625
0.11919
0.03779
0.01106
0.07281
0.01018
0.01270
0.04583
0.00575
0.00422
0.00626
0.02540
0.02013
0.41974
0.01661
0.00017
0.02685
0.14822
0.03374
0.85377
0.15370
0.02783
0.33683
0.09417
0.04301
0.07688
0.00094
0.26285
0.50833
0.36194
0.02992
0.05464
0.07719
0.12419
0.02529
0.01955
0.49654
0.09117
0.26179
0.17129
0.26939
0.35925
0.13311
0.06191
0.07588
0.03065
0.04351
0.18830
0.08741
0.02991
0.04221
0.11098
0.05387
0.05165
0.03861
0.24735
0.01162
0.00664
0.07745
0.07419
0.13121
0.03733
0.03442
0.07434
0.51851
0.06266
0.00585
0.00793
0.00544
0.44429
0.02790
0.00687
0.06219
0.11217
0.05842
0.11280
0.13895
0.08967
0.07938
0.04608
0.03390
0.05955
0.01015
0.00412
0.15697
0.57100
0.54779
0.07692
0.13594
0.05663
0.34924
0.13245
0.16751
0.03102
0.01590
0.03339
0.05750
0.01214
0.01409
0.14986
0.13275
0.08028
0.01343
0.09672
0.00552
0.00440
0.05812
0.05806
0.00630
0.04144
0.05726
0.09715
0.04166
0.00758
0.02755
0.00478
0.00971
0.03163
0.06981
0.01667
0.00405
0.00921
0.03736
0.02074
0.00567
0.00415
0.00191
0.00149
0.06051
0.05152
0.00364
0.00872
0.04130
0.01963
0.00051
0.00455
0.00390
0.00999
0.00319
0.00394
0.00339
0.24580
0.00062
0.00329
0.04300
0.02452
0.27303
0.02211
0.00367
0.05900
0.00600
0.00124
0.00256
0.01333
0.02029
0.01598
0.00743
0.00416
0.01919
0.00481
0.00611
0.01199
0.01064
0.07569
0.09115
0.00293
0.00401
0.00141
0.02787
0.02511
0.00424
0.00404
0.01695
0.68592
0.00538
0.07179
0.16951
0.00954
0.00564
0.00091
0.07961
0.00558
0.00631
0.00101
0.00351
0.11953
0.00702
0.00931
0.00726
0.00083
0.00019
0.00295
0.01543
0.14429
0.01740
0.00139
0.00171
0.03446
0.00708
0.00137
0.03774
0.00399
0.00466
0.00892
0.00898
0.01159
0.01777
0.00195
0.05492
0.00082
0.00124
0.00125
0.00149
0.01317
0.00329
0.00359
0.00766
0.00194
0.00209
0.00586
0.00281
0.00359
0.02290
0.00503
0.00655
0.00765
0.00179
0.00224
0.00522
0.01699
0.00074
0.00336
0.00158
0.00081
0.00112
0.00154
0.00183
0.00212
0.00404
0.00463
0.00098
0.01615
0.00290
0.02658
0.00131
0.00229
0.00186
0.06284
0.00184
0.00548
0.00217
0.00072
0.00609
0.00199
0.00123
0.00263
0.00056
0.00025
0.00718
0.00515
0.01605
0.00026
0.00132
0.13728
0.00993
0.00046
0.00054
0.37841
0.15139
0.00210
0.06540
0.06125
0.07381
0.00130
0.00275
0.00195
0.00756
0.00791
0.00669
0.81890
0.01776
0.03340
0.00882
0.01632
0.00509
0.10411
0.01018
0.08068
0.03457
0.00641
0.00495
0.19091
0.03243
0.11168
0.00513
0.02883
0.00593
0.01223
0.24540
0.10520
0.00781
0.00575
0.00683
0.03754
0.00864
0.04086
0.04965
0.23410
0.19246
0.01539
0.00848
0.08996
0.21129
0.00843
0.17443
0.13787
0.01934
0.03161
0.00907
0.03218
0.02102
0.02919
0.14781
0.04260
0.01934
0.03149
0.02015
0.00030
0.02449
0.07149
0.00474
0.06234
0.02316
0.06522
0.00037
0.01033
0.00323
0.00450
0.04620
0.01334
0.23822
0.03613
0.00743
0.08865
0.00081
0.03278
0.02252
0.00125
0.01069
0.00356
0.42274
0.01701
0.02807
0.00152
0.00263
0.00507
0.01577
0.00024
0.00238
0.00050
0.03103
0.00102
0.02896
0.02768
0.01526
0.00066
0.08431
0.00895
0.02289
0.01791
0.00047
0.00200
0.03160
0.01294
0.02266
0.01647
0.00137
0.00363
0.01723
0.05996
0.00707
0.02257
0.00667
0.00306
0.00040
0.00393
0.02938
0.01044
0.00220
0.00422
0.02196
0.00839
0.00527
0.01192
0.04373
0.00791
0.00331
0.03985
0.00850
0.00191
0.00327
0.00025
0.03641
0.00185
0.00016
0.00028
0.00070
0.02963
0.07965
0.00006
0.00002
0.00167
0.00031
0.00206
0.00098
0.04329
0.00005
0.00002
0.00001
0.00052
0.00012
0.00611
0.00150
0.00069
0.00014
0.00348
0.00005
0.22963
0.00028
0.00028
0.00005
0.00041
0.00111
0.08296
0.00039
0.00029
0.00089
0.00514
0.03874
0.03244
0.00141
0.01073
0.00149
0.00130
0.00072
0.00077
0.00109
0.00312
0.01161
0.01014
0.00012
0.00020
0.00021
0.00046
0.00029
0.00005
0.00065
0.00089
0.00031
0.00107
0.00022
0.00029
0.01736
0.00352
0.00134
0.00158
0.00444
0.00080
0.00124
0.00014
0.00012
0.00002
0.00011
0.00030
0.00115
0.00305
0.00020
0.00084
0.00231
0.00089
0.00050
0.00029
0.00020
0.00004
0.00029
0.00051
0.00218
0.00969
0.00479
0.00973
0.00024
0.00005
0.00751
0.00043
0.00014
0.00015
0.00006
0.00007
0.00006
0.00006
0.00019
0.00035
0.00019
0.00004
0.00011
0.00001
0.00012
0.00022
0.00110
0.00097
0.00289
0.00115
0.00031
0.00022
0.00013
0.00069
0.00029
0.00008
0.00022
0.00052
0.00029
0.00034
0.00050
0.00038
0.00028
0.00100
0.01230
0.00058
0.00016
0.00040
0.00014
0.00036
0.00029
0.00058
0.00037
0.00005
0.00018
0.00020
0.00043
0.00086
0.00062
0.00205
0.00060
0.00002
0.00001
0.00001
0.00013
0.00009
0.00060
0.00007
0.00004
0.00030
0.00038
0.01933
0.00015
0.00150
0.00041
0.00040
0.00404
0.00120
0.00434
0.00008
0.00004
0.00008
0.00027
0.00180
0.00226
0.00054
0.00002
0.00008
0.00005
0.00001
0.00000
0.00239
0.00019
0.00056
0.00002
0.00002
0.00011
0.00029
0.00023
0.00071
0.00055
0.00070
0.00012
0.00040
0.00001
0.00005
0.00008
0.00025
0.00067
0.00003
0.00054
0.00065
0.00004
0.00013
0.00000
0.00015
0.00002
0.00033
0.00000
0.00001
0.00000
0.00010
0.00005
0.00012
0.00031
0.00064
0.00019
0.00094
0.00004
0.00005
0.00001
0.00005
0.00007
0.00021
0.00018
0.00105
0.00002
0.00004
0.00003
0.00016
0.00003
0.00002
0.00776
0.00077
0.00187
0.00047
0.00011
0.00251
0.00010
0.00001
0.00002
0.00005
0.00034
0.00310
0.00009
0.00018
0.00008
0.00032
0.00044
0.00307
0.00008
0.00003
0.00016
0.00075
0.00083
0.00014
0.00026
0.00007
0.00032
0.00046
0.00009
0.00008
0.00001
0.00005
0.00003
0.00248
0.00017
0.00025
0.00005
0.00047
0.00046
0.00012
0.00019
0.00190
0.00003
0.00036
0.00021
0.00261
0.00246
0.00030
0.00051
0.00025
0.00423
0.00004
0.00012
0.00002
0.00008
0.00017
0.00004
0.00024
0.00003
0.00001
0.00107
0.00009
0.00200
0.00017
0.00056
0.00002
0.00005
0.00034
0.00009
0.00015
0.00008
0.00047
0.00003
0.00003
0.00027
0.00007
0.00011
0.00006
0.00005
0.00008
0.00002
0.00000
0.00000
0.00000
0.00012
0.00021
0.00026
0.00004
0.00004
0.00010
0.00004
0.00010
0.00015
0.00010
0.00003
0.00007
0.00035
0.00074
0.00001
0.00005
0.00018
0.00281
0.00040
0.00037
0.00085
0.00063
0.00086
0.00008
0.00167
0.00035
0.00066
0.00000
0.00001
0.00000
0.00007
0.00022
0.00022
0.00001
0.00230
0.00004
0.00019
0.00020
0.00003
0.00000
0.00000
0.00010
0.00000
0.00000
0.00001
0.00000
0.00004
0.00001
0.00000
0.00000
0.00002
0.00004
0.00004
0.00001
0.00007
0.00003
0.00028
0.00014
0.00009
0.00041
0.00005
0.00002
0.00012
0.00016
0.00001
0.00000
0.00012
0.00001
0.00002
0.00038
0.00012
0.00009
0.00001
0.00019
0.00002
0.00067
0.00002
0.00001
0.00001
0.00068
0.00073
0.00016
0.00000
0.00005
0.00001
0.00003
0.00000
0.00003
0.00004
0.00010
0.00001
0.00004
0.00018
0.00007
0.00003
0.00002
0.00003
0.00042
0.00005
0.00009
0.00017
0.00000
0.00028
0.00001
0.00000
0.00002
0.00009
0.00010
0.00111
0.00007
0.00008
0.00073
0.00003
0.00017
0.00004
0.00001
0.00040
0.00007
0.00147
0.00094
0.00002
0.00000
0.00022
0.00002
0.00000
0.00001
0.00016
0.00008
0.00039
0.00007
0.00000
0.00024
0.00003
0.00005
0.00008
0.00006
0.00040
0.00095
0.00000
0.00003
0.00001
0.00000
0.00002
0.00000
0.00006
0.00034
0.00165
0.00001
0.00001
0.00001
0.00135
0.00023
0.00200
0.00000
0.00002
0.00000
0.00003
0.00001
0.00004
0.00024
0.00054
0.00001
0.00005
0.00008
0.00014
0.00015
0.00030
0.00052
0.00001
0.00002
0.00010
0.00002
0.00001
0.00000
0.00003
0.00004
0.00005
0.00009
0.00004
0.00001
0.00003
0.00126
0.00006
0.00002
0.00002
0.00057
0.00089
0.00006
0.00069
0.00016
0.00002
0.00004
0.00000
0.00001
0.00054
0.00004
0.00000
0.00001
0.00047
0.00009
0.00003
0.00015
0.00073
0.00011
0.00026
0.00011
0.00006
0.00012
0.00015
0.00001
0.00005
0.00398
0.00007
0.00001
0.00003
0.00012
0.00001
0.00001
0.00004
0.00000
0.00015
0.00004
0.00001
0.00000
0.00000
0.00004
0.00010
0.00001
0.00000
0.00000
0.00003
0.00008
0.00073
0.00004
0.00000
0.00002
0.00001
0.00000
0.00001
0.00000
0.00039
0.00003
0.00020
0.00023
0.00103
0.00107
0.00003
0.00000
0.00002
0.00003
0.00000
0.00002
0.00001
0.00000
0.00013
0.00000
0.00006
0.00002
0.00002
0.00008
0.00001
0.00014
0.00051
0.00001
0.00000
0.00001
0.00004
0.00002
0.00000
0.00018
0.00008
0.00006
0.00000
0.00006
0.00006
0.00162
0.00067
0.00055
0.00008
0.00001
0.00001
0.00000
0.00008
0.00031
0.00000
0.00132
0.00009
0.00012
0.00009
0.00001
0.00001
0.00003
0.00111
0.00004
0.00000
0.00000
0.00004
0.00007
0.00031
0.00007
0.00010
0.00019
0.00029
0.00003
0.00003
0.00001
0.00000
0.00000
0.00000
0.00001
0.00000
0.00000
0.00000
0.00001
0.00038
0.00000
0.00001
0.00000
0.00030
0.00003
0.00010
0.00022
0.00006
0.00018
0.00001
0.00001
0.00000
0.00002
0.00000
0.00001
0.00000
0.00000
0.00000
0.00016
0.00088
0.00004
0.00003
0.00008
0.00006
0.00002
0.00013
0.00065
0.00003
0.00011
0.00006
0.00000
0.00000
0.00005
0.00002
0.00023
0.00014
0.00009
0.00001
0.00080
0.00015
0.00008
0.00011
0.00064
0.00012
0.00097
0.00029
0.00003
0.00008
0.00000
0.00001
0.00006
0.00002
0.00053
0.00001
0.00001
0.00000
0.00000
0.00001
0.00000
0.00000
0.00000
0.00001
0.00000
0.00025
0.00003
0.00004
0.00018
0.00004
0.00003
0.00000
0.00003
0.00000
0.00003
0.00000
0.00000
0.00007
0.00002
0.00145
0.00009
0.00021
0.00016
0.00004
0.00003
0.00003
0.00001
0.00005
0.00001
0.00008
0.00001
0.00001
0.00001
0.00000
0.00004
0.00003
0.00007
0.00029
0.00004
0.00002
0.00001
0.00095
0.00001
0.00000
0.00001
0.00001
0.00005
0.00005
0.00014
0.00017
0.00001
0.00003
0.00001
0.00000
0.00000
0.00001
0.00077
0.00005
0.00045
0.00002
0.00005
0.00029
0.00001
0.00009
0.00001
0.00000
0.00000
0.00000
0.00000
0.00000
0.00000
0.00001
0.00000
0.00004
0.00003
0.00005
0.00012
0.00007
0.00002
0.00000
0.00000
0.00000
0.00000
0.00000
0.00000
0.00000
0.00002
0.00000
0.00000
0.00001
0.00001
0.00034
0.00000
0.00000
0.00001
0.00002
0.00000
0.00000
0.00019
0.00007
0.00010
0.00041
0.00002
0.00006
0.00000
0.00000
0.00000
0.00000
0.00004
0.00000
0.00045
0.00005
0.00002
0.00004
0.00048
0.00010
0.00003
0.00001
0.00000
0.00001
0.00000
0.00000
0.00001
0.00007
0.00000
0.00000
0.00001
0.00000
0.00002
0.00002
0.00002
0.00027
0.00002
0.00004
0.00022
0.00003
0.00092
0.00001
0.00002
0.00003
0.00005
0.00000
0.00001
0.00040
0.00003
0.00003
0.00011
0.00000
0.00000
0.00000
0.00000
0.00000
0.00005
0.00013
0.00113
0.00001
0.00003
0.00003
0.00000
0.00000
0.00002
0.00002
0.00003
0.00001
0.00037
0.00001
0.00006
0.00001
0.00000
0.00000
0.00000
0.00001
0.00001
0.00004
0.00002
0.00001
0.00001
0.00000
0.00000
0.00001
0.00000
0.00000
0.00000
0.00000
0.00000
0.00003
0.00002
0.00001
0.00011
0.00006
0.00003
0.00000
0.00000
0.00001
0.00075
0.00019
0.00006
0.00005
0.00015
0.00018
0.00000
0.00001
0.00002
0.00000
0.00001
0.00000
0.00004
0.00000
0.00003
0.00005
0.00001
0.00080
0.00001
0.00041
0.00000
0.00000
0.00000
0.00000
0.00001
0.00001
0.00068
0.00002
0.00030
0.00025
0.00005
0.00001
0.00001
0.00000
0.00000
0.00004
0.00000
0.00013
0.00000
0.00002
0.00002
0.00001
0.00045
0.00007
0.00003
0.00002
0.00004
0.00003
0.00053
0.00001
0.00021
0.00006
0.00006
0.00004
0.00014
0.00006
0.00011
0.00001
0.00000
0.00000
0.00002
0.00003
0.00034
0.00000
0.00000
0.00000
0.00000
0.00001
0.00000
0.00024
0.00004
0.00050
0.00000
0.00000
0.00000
0.00000
0.00001
0.00000
0.00000
0.00000
0.00007
0.00001
0.00004
0.00002
0.00066
0.00045
0.00010
0.00088
0.00001
0.00001
0.00004
0.00001
0.00004
0.00001
0.00006
0.00005
0.00001
0.00000
0.00002
0.00000
0.00001
0.00001
0.00000
0.00000
0.00000
0.00008
0.00002
0.00000
0.00001
0.00001
0.00002
0.00001
0.00003
0.00002
0.00000
0.00010
0.00000
0.00000
0.00000
0.00000
0.00000
0.00000
0.00000
0.00001
0.00006
0.00000
0.00000
0.00000
0.00000
0.00000
0.00000
0.00000
0.00001
0.00002
0.00021
0.00000
0.00000
0.00000
0.00032
0.00004
0.00000
0.00001
0.00000
0.00000
0.00018
0.00006
0.00001
0.00078
0.00005
0.00001
0.00002
0.00000
0.00001
0.00000
0.00001
0.00006
0.00000
0.00001
0.00000
0.00040
0.00077
0.00007
0.00001
0.00001
0.00051
0.00011
0.00001
0.00000
0.00003
0.00013
0.00001
0.00002
0.00001
0.00001
0.00001
0.00001
0.00000
0.00003
0.00003
0.00003
0.00000
0.00000
0.00000
0.00000
0.00000
0.00000
0.00019
0.00000
0.00001
0.00002
0.00001
0.00001
0.00000
0.00001
0.00000
0.00005
0.00017
0.00000
0.00000
0.00023
0.00000
0.00007
0.00027
0.00020
0.00002
0.00001
0.00001
0.00005
0.00003
0.00047
0.00000
0.00001
0.00000
0.00000
0.00000
0.00005
0.00000
0.00000
0.00000
0.00022
0.00005
0.00004
0.00001
0.00000
0.00002
0.00005
0.00014
0.00009
0.00008
0.00001
0.00005
0.00010
0.00001
0.00001
0.00001
0.00000
0.00007
0.00001
0.00002
0.00002
0.00000
0.00000
0.00000
0.00000
0.00002
0.00000
0.00002
0.00005
0.00029
0.00001
0.00000
0.00001
0.00011
0.00001
0.00009
0.00000
0.00000
0.00000
0.00002
0.00001
0.00000
0.00000
0.00002
0.00000
0.00000
0.00000
0.00000
0.00000
0.00000
0.00000
0.00000
0.00000
0.00000
0.00000
0.00004
0.00001
0.00005
0.00008
0.00002
0.00002
0.00000
0.00000
0.00000
0.00000
0.00002
0.00026
0.00001
0.00008
0.00001
0.00003
0.00010
0.00000
0.00000
0.00000
0.00001
0.00001
0.00001
0.00070
0.00007
0.00008
0.00013
0.00002
0.00001
0.00001
0.00001
0.00000
0.00005
0.00000
0.00005
0.00000
0.00000
0.00000
0.00001
0.00002
0.00000
0.00001
0.00002
0.00010
0.00000
0.00006
0.00000
0.00000
0.00000
0.00001
0.00001
0.00000
0.00000
0.00003
0.00010
0.00037
0.00000
0.00006
0.00004
0.00133
0.00012
0.00004
0.00011
0.00001
0.00000
0.00000
0.00000
0.00001
0.00000
0.00000
0.00002
0.00000
0.00000
0.00002
0.00000
0.00000
0.00009
0.00000
0.00003
0.00002
0.00005
0.00002
0.00004
0.00000
0.00000
0.00000
0.00002
0.00000
0.00005
0.00000
0.00015
0.00003
0.00000
0.00001
0.00001
0.00016
0.00067
0.00004
0.00012
0.00016
0.00014
0.00000
0.00000
0.00000
0.00002
0.00003
0.00003
0.00001
0.00000
0.00000
0.00000
0.00000
0.00000
0.00000
0.00000
0.00000
0.00000
0.00000
0.00000
0.00039
0.00001
0.00000
0.00002
0.00000
0.00000
0.00002
0.00000
0.00001
0.00000
0.00000
0.00000
0.00002
0.00001
0.00000
0.00000
0.00002
0.00000
0.00003
0.00022
0.00000
0.00001
0.00013
0.00001
0.00001
0.00000
0.00008
0.00000
0.00002
0.00002
0.00003
0.00015
0.00001
0.00000
0.00000
0.00000
0.00010
0.00001
0.00096
0.00000
0.00007
0.00001
0.00002
0.00005
0.00003
0.00001
0.00000
0.00004
0.00000
0.00012
0.00013
0.00000
0.00003
0.00001
0.00001
0.00001
0.00026
0.00000
0.00000
0.00000
0.00001
0.00000
0.00001
0.00000
0.00000
0.00001
0.00000
0.00002
0.00000
0.00001
0.00000
0.00014
0.00002
0.00002
0.00000
0.00001
0.00001
0.00012
0.00000
0.00000
0.00000
0.00006
0.00000
0.00000
0.00003
0.00001
0.00001
0.00011
0.00000
0.00001
0.00002
0.00006
0.00004
0.00001
0.00001
0.00001
0.00000
0.00000
0.00000
0.00001
0.00001
0.00013
0.00001
0.00000
0.00003
0.00001
0.00011
0.00001
0.00000
0.00000
0.00000
0.00000
0.00000
0.00000
0.00007
0.00000
0.00000
0.00000
0.00001
0.00002
0.00004
0.00001
0.00000
0.00003
0.00000
0.00010
0.00000
0.00000
0.00000
0.00000
0.00000
0.00000
0.00000
0.00009
0.00001
0.00002
0.00037
0.00018
0.00000
0.00000
0.00001
0.00001
0.00000
0.00000
0.00000
0.00000
0.00000
0.00000
0.00000
0.00000
0.00001
0.00038
0.00003
0.00000
0.00001
0.00001
0.00001
0.00000
0.00002
0.00006
0.00004
0.00004
0.00003
0.00000
0.00011
0.00000
0.00000
0.00001
0.00002
0.00000
0.00001
0.00000
0.00000
0.00002
0.00013
0.00000
0.00000
0.00004
0.00007
0.00008
0.00000
0.00000
0.00027
0.00001
0.00004
0.00001
0.00010
0.00004
0.00003
0.00000
0.00000
0.00000
0.00000
0.00000
0.00000
0.00001
0.00001
0.00000
0.00000
0.00002
0.00002
0.00001
0.00000
0.00002
0.00001
0.00002
0.00030
0.00001
0.00002
0.00001
0.00004
0.00027
0.00020
0.00000
0.00000
0.00000
0.00032
0.00028
0.00002
0.00000
0.00001
0.00001
0.00010
0.00012
0.00000
0.00002
0.00000
0.00000
0.00001
0.00000
0.00003
0.00000
0.00000
0.00000
0.00000
0.00000
0.00000
0.00002
0.00001
0.00001
0.00000
0.00003
0.00000
0.00002
0.00005
0.00000
0.00001
0.00001
0.00008
0.00000
0.00001
0.00000
0.00000
0.00000
0.00000
0.00000
0.00002
0.00000
0.00001
0.00000
0.00000
0.00018
0.00002
0.00001
0.00000
0.00000
0.00000
0.00006
0.00000
0.00000
0.00000
0.00011
0.00001
0.00042
0.00001
0.00003
0.00002
0.00000
0.00000
0.00024
0.00002
0.00031
0.00000
0.00000
0.00000
0.00000
0.00000
0.00004
0.00000
0.00002
0.00000
0.00000
0.00000
0.00000
0.00002
0.00010
0.00002
0.00000
0.00001
0.00000
0.00002
0.00004
0.00003
0.00000
0.00001
0.00000
0.00000
0.00000
0.00000
0.00019
0.00001
0.00004
0.00000
0.00000
0.00000
0.00000
0.00000
0.00000
0.00002
0.00000
0.00005
0.00000
0.00006
0.00000
0.00001
0.00002
0.00000
0.00000
0.00007
0.00001
0.00004
0.00010
0.00001
0.00002
0.00000
0.00000
0.00000
0.00001
0.00024
0.00005
0.00001
0.00020
0.00000
0.00000
0.00000
0.00014
0.00001
0.00003
0.00000
0.00000
0.00000
0.00000
0.00000
0.00002
0.00000
0.00000
0.00000
0.00000
0.00000
0.00003
0.00002
0.00005
0.00016
0.00000
0.00003
0.00000
0.00000
0.00000
0.00000
0.00001
0.00000
0.00001
0.00000
0.00000
0.00000
0.00000
0.00001
0.00001
0.00000
0.00000
0.00004
0.00009
0.00002
0.00001
0.00000
0.00000
0.00000
0.00001
0.00000
0.00001
0.00000
0.00006
0.00000
0.00002
0.00025
0.00000
0.00002
0.00000
0.00005
0.00000
0.00000
0.00000
0.00000
0.00000
0.00000
0.00000
0.00002
0.00001
0.00000
0.00001
0.00005
0.00000
0.00000
0.00001
0.00001
0.00000
0.00000
0.00000
0.00000
0.00000
0.00000
0.00001
0.00000
0.00000
0.00002
0.00000
0.00003
0.00057
0.00001
0.00000
0.00001
0.00013
0.00000
0.00001
0.00000
0.00001
0.00000
0.00000
0.00000
0.00000
0.00004
0.00001
0.00002
0.00001
0.00000
0.00000
0.00000
0.00000
0.00000
0.00000
0.00006
0.00001
0.00000
0.00000
0.00002
0.00000
0.00010
0.00004
0.00004
0.00000
0.00000
0.00006
0.00005
0.00002
0.00003
0.00000
0.00001
0.00000
0.00002
0.00000
0.00000
0.00000
0.00000
0.00000
0.00000
0.00000
0.00000
0.00010
0.00000
0.00001
0.00000
0.00000
0.00000
0.00003
0.00004
0.00003
0.00002
0.00004
0.00000
0.00001
0.00001
0.00035
0.00056
0.00001
0.00001
0.00004
0.00000
0.00000
0.00004
0.00000
0.00000
0.00001
0.00003
0.00000
0.00000
0.00000
0.00000
0.00000
0.00001
0.00000
0.00000
0.00000
0.00000
0.00000
0.00001
0.00000
0.00000
0.00000
0.00000
0.00001
0.00000
0.00001
0.00000
0.00000
0.00000
0.00000
0.00000
0.00000
0.00012
0.00002
0.00000
0.00001
0.00001
0.00003
0.00000
0.00000
0.00000
0.00000
0.00003
0.00000
0.00001
0.00010
0.00001
0.00000
0.00001
0.00001
0.00000
0.00000
0.00000
0.00000
0.00002
0.00011
0.00004
0.00001
0.00013
0.00009
0.00026
0.00010
0.00001
0.00000
0.00001
0.00002
0.00000
0.00000
0.00003
0.00000
0.00001
0.00000
0.00000
0.00000
0.00000
0.00000
0.00000
0.00001
0.00000
0.00010
0.00000
0.00000
0.00013
0.00000
0.00000
0.00000
0.00001
0.00000
0.00000
0.00000
0.00000
0.00002
0.00000
0.00011
0.00001
0.00000
0.00000
0.00005
0.00000
0.00000
0.00000
0.00000
0.00000
0.00000
0.00001
0.00001
0.00004
0.00000
0.00000
0.00000
0.00000
0.00000
0.00000
0.00000
0.00000
0.00000
0.00001
0.00000
0.00000
0.00010
0.00001
0.00006
0.00000
0.00000
0.00000
0.00002
0.00001
0.00016
0.00000
0.00002
0.00002
0.00000
0.00000
0.00000
0.00002
0.00001
0.00009
0.00000
0.00000
0.00000
0.00000
0.00000
0.00010
0.00000
0.00000
0.00000
0.00000
0.00000
0.00000
0.00000
0.00000
0.00000
0.00013
0.00001
0.00006
0.00006
0.00014
0.00001
0.00001
0.00000
0.00000
0.00000
0.00003
0.00000
0.00001
0.00001
0.00001
0.00001
0.00002
0.00004
0.00000
0.00000
0.00000
0.00001
0.00001
0.00001
0.00003
0.00001
0.00000
0.00000
0.00000
0.00002
0.00001
0.00000
0.00000
0.00000
0.00001
0.00000
0.00002
0.00001
0.00003
0.00000
0.00000
0.00039
0.00000
0.00000
0.00000
0.00001
0.00018
0.00000
0.00001
0.00002
0.00000
0.00000
0.00000
0.00000
0.00000
0.00000
0.00000
0.00000
0.00002
0.00000
0.00000
0.00000
0.00000
0.00013
0.00000
0.00001
0.00000
0.00001
0.00005
0.00000
0.00000
0.00000
0.00003
0.00001
0.00001
0.00001
0.00008
0.00003
0.00001
0.00000
0.00000
0.00001
0.00000
0.00000
0.00000
0.00012
0.00001
0.00000
0.00000
0.00000
0.00008
0.00000
0.00005
0.00000
0.00000
0.00000
0.00000
0.00001
0.00000
0.00001
0.00000
0.00002
0.00000
0.00000
0.00000
0.00001
0.00000
0.00001
0.00000
0.00001
0.00000
0.00004
0.00000
0.00000
0.00003
0.00000
0.00003
0.00006
0.00000
0.00000
0.00000
0.00000
0.00000
0.00000
0.00000
0.00001
0.00000
0.00000
0.00000
0.00001
0.00003
0.00001
0.00000
0.00000
0.00000
0.00000
0.00000
0.00000
0.00001
0.00000
0.00000
0.00002
0.00004
0.00000
0.00000
0.00000
0.00000
0.00000
0.00000
0.00000
0.00000
0.00000
0.00001
0.00003
0.00001
0.00002
0.00000
0.00000
0.00000
0.00000
0.00000
0.00000
0.00000
0.00000
0.00000
0.00004
0.00002
0.00000
0.00002
0.00001
0.00000
0.00000
0.00000
0.00000
0.00014
0.00025
0.00006
0.00000
0.00000
0.00017
0.00000
0.00000
0.00000
0.00000
0.00000
0.00000
0.00003
0.00000
0.00001
0.00008
0.00000
0.00000
0.00000
0.00000
0.00000
0.00000
0.00000
0.00001
0.00012
0.00000
0.00001
0.00000
0.00012
0.00000
0.00000
0.00015
0.00000
0.00000
0.00000
0.00000
0.00000
0.00000
0.00000
0.00000
0.00000
0.00000
0.00004
0.00004
0.00001
0.00032
0.00000
0.00001
0.00003
0.00003
0.00000
0.00000
0.00000
0.00001
0.00000
0.00000
0.00000
0.00000
0.00000
0.00009
0.00000
0.00000
0.00000
0.00000
0.00000
0.00000
0.00000
0.00000
0.00000
0.00000
0.00000
0.00000
0.00000
0.00000
0.00000
0.00000
0.00000
0.00000
0.00000
0.00001
0.00000
0.00000
0.00000
0.00000
0.00000
0.00000
0.00003
0.00003
0.00029
0.00002
0.00000
0.00000
0.00001
0.00000
0.00000
0.00000
0.00000
0.00001
0.00000
0.00013
0.00001
0.00006
0.00000
0.00002
0.00001
0.00009
0.00000
0.00000
0.00000
0.00002
0.00000
0.00002
0.00001
0.00002
0.00001
0.00001
0.00000
0.00004
0.00000
0.00000
0.00009
0.00000
0.00001
0.00000
0.00000
0.00000
0.00003
0.00006
0.00002
0.00000
0.00000
0.00000
0.00000
0.00001
0.00003
0.00000
0.00000
0.00000
0.00004
0.00001
0.00001
0.00000
0.00000
0.00000
0.00000
0.00000
0.00001
0.00000
0.00000
0.00000
0.00000
0.00000
0.00008
0.00000
0.00000
0.00000
0.00006
0.00001
0.00000
0.00000
0.00000
0.00001
0.00002
0.00000
0.00000
0.00000
0.00000
0.00000
0.00000
0.00000
0.00000
0.00000
0.00000
0.00000
0.00001
0.00002
0.00004
0.00000
0.00001
0.00001
0.00001
0.00000
0.00000
0.00000
0.00000
0.00000
0.00001
0.00000
0.00001
0.00000
0.00000
0.00000
0.00004
0.00001
0.00005
0.00000
0.00011
0.00001
0.00000
0.00000
0.00000
0.00000
0.00000
0.00000
0.00000
0.00001
0.00001
0.00001
0.00000
0.00016
0.00007
0.00000
0.00000
0.00000
0.00000
0.00000
0.00004
0.00000
0.00000
0.00000
0.00000
0.00001
0.00000
0.00000
0.00002
0.00001
0.00001
0.00001
0.00000
0.00000
0.00000
0.00004
0.00000
0.00000
0.00014
0.00000
0.00000
0.00000
0.00000
0.00000
0.00002
0.00022
0.00001
0.00000
0.00001
0.00005
0.00000
0.00000
0.00000
0.00001
0.00000
0.00000
0.00001
0.00000
0.00000
0.00000
0.00000
0.00000
0.00000
0.00001
0.00004
0.00002
0.00000
0.00000
0.00002
0.00000
0.00000
0.00000
0.00000
0.00000
0.00000
0.00000
0.00000
0.00000
0.00001
0.00012
0.00000
0.00000
0.00000
0.00000
0.00000
0.00001
0.00003
0.00001
0.00000
0.00004
0.00000
0.00000
0.00003
0.00000
0.00000
0.00000
0.00001
0.00000
0.00000
0.00000
0.00000
0.00000
0.00000
0.00003
0.00000
0.00000
0.00000
0.00000
0.00004
0.00000
0.00000
0.00000
0.00000
0.00000
0.00000
0.00000
0.00000
0.00000
0.00000
0.00007
0.00002
0.00001
0.00000
0.00007
0.00000
0.00000
0.00000
0.00000
0.00002
0.00000
0.00000
0.00003
0.00027
0.00003
0.00000
0.00012
0.00004
0.00000
0.00000
0.00001
0.00000
0.00000
0.00000
0.00000
0.00000
0.00000
0.00000
0.00000
0.00000
0.00000
0.00000
0.00000
0.00000
0.00000
0.00000
0.00000
0.00000
0.00000
0.00000
0.00000
0.00001
0.00000
0.00011
0.00000
0.00000
0.00001
0.00023
0.00000
0.00000
0.00000
0.00020
0.00000
0.00000
0.00006
0.00005
0.00003
0.00001
0.00000
0.00001
0.00000
0.00000
0.00000
0.00000
0.00000
0.00000
0.00001
0.00001
0.00000
0.00000
0.00000
0.00000
0.00014
0.00000
0.00032
0.00000
0.00000
0.00000
0.00000
0.00000
0.00000
0.00000
0.00002
0.00000
0.00000
0.00000
0.00001
0.00000
0.00000
0.00000
0.00000
0.00000
0.00000
0.00000
0.00000
0.00000
0.00005
0.00001
0.00000
0.00001
0.00000
0.00000
0.00001
0.00000
0.00000
0.00000
0.00000
0.00000
0.00001
0.00000
0.00000
0.00003
0.00001
0.00001
0.00000
0.00000
0.00000
0.00000
0.00000
0.00000
0.00007
0.00005
0.00001
0.00000
0.00015
0.00000
0.00000
0.00000
0.00000
0.00000
0.00000
0.00000
0.00000
0.00000
0.00001
0.00000
0.00000
0.00006
0.00000
0.00000
0.00000
0.00000
0.00000
0.00001
0.00001
0.00001
0.00007
0.00000
0.00000
0.00000
0.00000
0.00000
0.00000
0.00000
0.00001
0.00004
0.00000
0.00010
0.00000
0.00001
0.00001
0.00001
0.00000
0.00000
0.00000
0.00001
0.00000
0.00003
0.00000
0.00001
0.00000
0.00000
0.00009
0.00000
0.00000
0.00000
0.00000
0.00000
0.00007
0.00001
0.00000
0.00000
0.00000
0.00001
0.00000
0.00015
0.00002
0.00011
0.00005
0.00000
0.00000
0.00000
0.00000
0.00000
0.00000
0.00000
0.00000
0.00000
0.00000
0.00000
0.00000
0.00000
0.00000
0.00000
0.00000
0.00000
0.00000
0.00000
0.00000
0.00000
0.00000
0.00000
0.00000
0.00000
0.00008
0.00000
0.00000
0.00000
0.00000
0.00002
0.00001
0.00001
0.00000
0.00000
0.00001
0.00000
0.00000
0.00000
0.00000
0.00000
0.00000
0.00001
0.00000
0.00001
0.00000
0.00000
0.00001
0.00000
0.00000
0.00000
0.00000
0.00000
0.00000
0.00000
0.00000
0.00000
0.00000
0.00000
0.00000
0.00002
0.00021
0.00006
0.00000
0.00000
0.00000
0.00000
0.00000
0.00000
0.00014
0.00000
0.00000
0.00000
0.00000
0.00000
0.00000
0.00000
0.00000
0.00000
0.00000
0.00000
0.00000
0.00000
0.00000
0.00000
0.00003
0.00001
0.00000
0.00000
0.00000
0.00000
0.00000
0.00000
0.00000
0.00000
0.00000
0.00001
0.00002
0.00000
0.00000
0.00000
0.00000
0.00006
0.00004
0.00003
0.00000
0.00000
0.00000
0.00000
0.00000
0.00000
0.00000
0.00000
0.00000
0.00000
0.00000
0.00000
0.00000
0.00000
0.00007
0.00000
0.00006
0.00001
0.00000
0.00000
0.00000
0.00001
0.00000
0.00002
0.00001
0.00000
0.00000
0.00001
0.00000
0.00000
0.00000
0.00000
0.00001
0.00002
0.00001
0.00000
0.00000
0.00000
0.00000
0.00000
0.00000
0.00002
0.00000
0.00000
0.00000
0.00000
0.00000
0.00000
0.00000
0.00000
0.00000
0.00000
0.00000
0.00000
0.00001
0.00001
0.00000
0.00006
0.00000
0.00008
0.00000
0.00000
0.00000
0.00000
0.00000
0.00000
0.00000
0.00000
0.00000
0.00001
0.00000
0.00000
0.00000
0.00000
0.00000
0.00000
0.00000
0.00000
0.00000
0.00005
0.00000
0.00000
0.00000
0.00000
0.00000
0.00000
0.00000
0.00000
0.00000
0.00000
0.00003
0.00000
0.00011
0.00004
0.00002
0.00000
0.00000
0.00002
0.00000
0.00000
0.00000
0.00000
0.00000
0.00000
0.00000
0.00000
0.00000
0.00000
0.00000
0.00000
0.00000
0.00000
0.00000
0.00000
0.00000
0.00000
0.00000
0.00038
0.00000
0.00000
0.00000
0.00004
0.00000
0.00000
0.00002
0.00000
0.00000
0.00005
0.00005
0.00000
0.00000
0.00000
0.00000
0.00000
0.00000
0.00002
0.00001
0.00001
0.00000
0.00000
0.00000
0.00000
0.00000
0.00004
0.00001
0.00000
0.00000
0.00000
0.00000
0.00000
0.00000
0.00000
0.00000
0.00000
0.00000
0.00000
0.00001
0.00003
0.00002
0.00000
0.00000
0.00000
0.00000
0.00002
0.00000
0.00002
0.00000
0.00000
0.00000
0.00000
0.00000
0.00000
0.00000
0.00000
0.00000
0.00000
0.00000
0.00000
0.00000
0.00000
0.00003
0.00002
0.00000
0.00000
0.00000
0.00000
0.00001
0.00000
0.00000
0.00001
0.00000
0.00000
0.00003
0.00062
0.00001
0.00000
0.00000
0.00000
0.00001
0.00000
0.00000
0.00000
0.00000
0.00000
0.00000
0.00002
0.00000
0.00000
0.00001
0.00000
0.00000
0.00000
0.00000
0.00000
0.00000
0.00000
0.00000
0.00000
0.00000
0.00000
0.00000
0.00000
0.00000
0.00000
0.00001
0.00000
0.00001
0.00004
0.00000
0.00000
0.00000
0.00000
0.00000
0.00002
0.00000
0.00000
0.00000
0.00000
0.00000
0.00000
0.00000
0.00001
0.00000
0.00000
0.00000
0.00000
0.00000
0.00000
0.00001
0.00000
0.00000
0.00000
0.00000
0.00000
0.00001
0.00000
0.00001
0.00000
0.00001
0.00000
0.00001
0.00000
0.00000
0.00000
0.00000
0.00000
0.00000
0.00001
0.00000
0.00000
0.00000
0.00000
0.00000
0.00000
0.00000
0.00000
0.00000
0.00000
0.00000
0.00000
0.00000
0.00000
0.00010
0.00000
0.00003
0.00000
0.00000
0.00000
0.00000
0.00000
0.00000
0.00000
0.00002
0.00000
0.00001
0.00000
0.00000
0.00000
0.00000
0.00000
0.00000
0.00001
0.00000
0.00000
0.00010
0.00000
0.00000
0.00000
0.00000
0.00000
0.00001
0.00000
0.00000
0.00000
0.00000
0.00001
0.00000
0.00002
0.00001
0.00000
0.00000
0.00002
0.00001
0.00001
0.00000
0.00000
0.00004
0.00000
0.00003
0.00000
0.00000
0.00000
0.00000
0.00000
0.00000
0.00000
0.00004
0.00002
0.00001
0.00001
0.00000
0.00000
0.00000
0.00003
0.00000
0.00000
0.00000
0.00000
0.00003
0.00001
0.00000
0.00000
0.00000
0.00000
0.00000
0.00000
0.00000
0.00000
0.00000
0.00000
0.00000
0.00000
0.00000
0.00000
0.00001
0.00000
0.00000
0.00000
0.00000
0.00000
0.00000
0.00000
0.00000
0.00000
0.00000
0.00009
0.00000
0.00000
0.00000
0.00000
0.00000
0.00000
0.00000
0.00000
0.00000
0.00005
0.00000
0.00000
0.00000
0.00000
0.00000
0.00000
0.00000
0.00001
0.00000
0.00000
0.00000
0.00003
0.00000
